{
 "cells": [
  {
   "cell_type": "markdown",
   "metadata": {},
   "source": [
    "### 물체 인식률 실험"
   ]
  },
  {
   "cell_type": "code",
   "execution_count": 1,
   "metadata": {},
   "outputs": [],
   "source": [
    "import open3d as o3d\n",
    "import numpy as np\n",
    "import os\n",
    "import sys\n",
    "import open3d as o3d\n",
    "import cv2\n",
    "import copy\n",
    "import subprocess\n",
    "import matplotlib.pyplot as plt\n",
    "# os.chdir(os.path.join(os.environ[\"RNB_PLANNING_DIR\"], 'src'))\n",
    "sys.path.append(os.path.join(os.path.join(os.environ[\"RNB_PLANNING_DIR\"], 'src')))\n",
    "sys.path.append(os.path.join(os.environ[\"RNB_PLANNING_DIR\"], 'src/scripts/demo_202107'))\n",
    "# sys.path.append(os.path.join(os.environ[\"RNB_PLANNING_DIR\"], 'src/scripts/milestone_202110'))\n",
    "# from scripts.milestone_202110.utils.detection_util import *\n",
    "from util.multiICP import *\n",
    "from test_util import *\n",
    "from demo_utils.environment import *\n",
    "# from utils.detection_util import *"
   ]
  },
  {
   "cell_type": "code",
   "execution_count": 2,
   "metadata": {},
   "outputs": [],
   "source": [
    "from pkg.global_config import RNB_PLANNING_DIR\n",
    "from pkg.utils.utils import *    \n",
    "from pkg.utils.rotation_utils import *\n",
    "from pkg.controller.combined_robot import *\n",
    "from pkg.detector.aruco.marker_config import get_aruco_map\n",
    "aruco_map = get_aruco_map()\n",
    "\n",
    "from pkg.geometry.builder.scene_builder import SceneBuilder"
   ]
  },
  {
   "cell_type": "code",
   "execution_count": 3,
   "metadata": {},
   "outputs": [],
   "source": [
    "import PIL\n",
    "from cv2 import aruco\n",
    "import matplotlib as mpl\n",
    "import pandas as pd\n",
    "\n",
    "aruco_dict = aruco.Dictionary_get(aruco.DICT_6X6_250)\n",
    "# fig = plt.figure()\n",
    "# nx = 2\n",
    "# ny = 2\n",
    "# for i in range(1, nx*ny+1):\n",
    "#     ax = fig.add_subplot(ny,nx, i)\n",
    "#     img = aruco.drawMarker(aruco_dict,i+229, 800)\n",
    "#     plt.imshow(img, cmap = mpl.cm.gray, interpolation = \"nearest\")\n",
    "#     ax.axis(\"off\")\n",
    "# plt.savefig(\"target_markers.pdf\")\n",
    "\n",
    "# # Save Aruco Marker Image\n",
    "# for i in range(6):\n",
    "#     idx = i+230\n",
    "#     img = aruco.drawMarker(aruco_dict, idx, 800)\n",
    "#     cv2.imwrite(\"marker_{}.png\".format(idx), img)"
   ]
  },
  {
   "cell_type": "code",
   "execution_count": 4,
   "metadata": {},
   "outputs": [],
   "source": [
    "cameraMatrix = np.array([[899.05322266,   0.        , 654.88366699],\n",
    "                          [  0.        , 899.21044922, 352.92956543],\n",
    "                          [  0.        ,   0.        ,   1.        ]])\n",
    "distCoeffs = np.array([ 0.15870179, -0.46903715, -0.0014261 ,  0.00066797,  0.41631824])\n",
    "\n",
    "obj_name_off = '--obj_name='\n",
    "img_num_off = '--img_num='\n",
    "confidence_off = '--confidence='"
   ]
  },
  {
   "cell_type": "markdown",
   "metadata": {},
   "source": [
    "### Mini_table"
   ]
  },
  {
   "cell_type": "code",
   "execution_count": 5,
   "metadata": {},
   "outputs": [],
   "source": [
    "path = './save_img/mini_table'"
   ]
  },
  {
   "cell_type": "code",
   "execution_count": 8,
   "metadata": {},
   "outputs": [
    {
     "name": "stdout",
     "output_type": "stream",
     "text": [
      "./save_img/mini_table not empty. Overwrite? (y/n) : y\n",
      "Saved color + depth image 0\n",
      "Saved color + depth image 1\n",
      "Saved color + depth image 2\n",
      "Saved color + depth image 3\n",
      "Saved color + depth image 4\n",
      "Saved color + depth image 5\n",
      "Saved color + depth image 6\n",
      "Saved color + depth image 7\n",
      "Saved color + depth image 8\n",
      "Saved color + depth image 9\n",
      "Saved color + depth image 10\n",
      "Saved color + depth image 11\n",
      "Saved color + depth image 12\n",
      "Saved color + depth image 13\n",
      "Saved color + depth image 14\n",
      "Saved color + depth image 15\n",
      "Saved color + depth image 16\n",
      "Saved color + depth image 17\n",
      "Saved color + depth image 18\n",
      "Saved color + depth image 19\n",
      "Stop the streaming and Save RGBD images\n",
      "\n"
     ]
    }
   ],
   "source": [
    "# camera-streaming\n",
    "cam_streaming(path)"
   ]
  },
  {
   "cell_type": "code",
   "execution_count": 6,
   "metadata": {},
   "outputs": [
    {
     "data": {
      "text/plain": [
       "'apex is not installed\\napex is not installed\\napex is not installed\\napex is not installed\\nUse load_from_local loader\\nNot segmented at 2 image\\nNot segmented at 3 image\\nNot segmented at 4 image\\nNot segmented at 5 image\\nNot segmented at 7 image\\nNot segmented at 8 image\\nNot segmented at 15 image\\nNot segmented at 18 image\\nSegmentation Finish!\\n'"
      ]
     },
     "execution_count": 6,
     "metadata": {},
     "output_type": "execute_result"
    }
   ],
   "source": [
    "confidence = 0.01\n",
    "obj_name_arg = obj_name_off + 'mini_table'\n",
    "img_num_arg = img_num_off + str(20)\n",
    "confidence_arg = confidence_off + str(confidence)\n",
    "result = subprocess.check_output(['python3',\n",
    "                    os.getcwd() + '/test_seg_multi.py',\n",
    "                    obj_name_arg, img_num_arg, confidence_arg])\n",
    "result"
   ]
  },
  {
   "cell_type": "code",
   "execution_count": 7,
   "metadata": {},
   "outputs": [],
   "source": [
    "mini_table_iou = []"
   ]
  },
  {
   "cell_type": "code",
   "execution_count": 8,
   "metadata": {
    "scrolled": true
   },
   "outputs": [
    {
     "name": "stdout",
     "output_type": "stream",
     "text": [
      "Apply point-to-point ICP\n",
      "registration::RegistrationResult with fitness=1.000000e+00, inlier_rmse=2.167165e-02, and correspondence_set size of 104717\n",
      "Access transformation to get result.\n",
      "Transformation is:\n",
      "[[ 0.96686427 -0.25528853  0.00111334 -0.18339585]\n",
      " [-0.17455864 -0.66428246 -0.72681364  0.27441229]\n",
      " [ 0.18628676  0.7025358  -0.6868338   0.75660706]\n",
      " [ 0.          0.          0.          1.        ]]\n",
      "('IOU_3d:', 0.896752154262214)\n",
      "Apply point-to-point ICP\n",
      "registration::RegistrationResult with fitness=1.000000e+00, inlier_rmse=2.467975e-02, and correspondence_set size of 113267\n",
      "Access transformation to get result.\n",
      "Transformation is:\n",
      "[[ 0.97541196 -0.2157194  -0.04512933 -0.20075301]\n",
      " [-0.18291821 -0.6781941  -0.71175394  0.28577226]\n",
      " [ 0.12293268  0.70250828 -0.70097764  0.75386696]\n",
      " [ 0.          0.          0.          1.        ]]\n",
      "('IOU_3d:', 0.9513014887606263)\n",
      "Apply point-to-point ICP\n",
      "registration::RegistrationResult with fitness=1.000000e+00, inlier_rmse=2.125799e-02, and correspondence_set size of 77027\n",
      "Access transformation to get result.\n",
      "Transformation is:\n",
      "[[ 0.97687222  0.20801978  0.04948164 -0.41662537]\n",
      " [ 0.17026691 -0.61677968 -0.76849983  0.19401286]\n",
      " [-0.1293439   0.75915122 -0.63793382  0.9379286 ]\n",
      " [ 0.          0.          0.          1.        ]]\n",
      "('IOU_3d:', 0.9202219733958005)\n",
      "Apply point-to-point ICP\n",
      "registration::RegistrationResult with fitness=9.952649e-01, inlier_rmse=1.852125e-02, and correspondence_set size of 92904\n",
      "Access transformation to get result.\n",
      "Transformation is:\n",
      "[[ 0.41747344 -0.9074678   0.0470966  -0.01695826]\n",
      " [-0.60576765 -0.3165625  -0.7299546   0.27187039]\n",
      " [ 0.67731933  0.27620707 -0.68187107  0.70669697]\n",
      " [ 0.          0.          0.          1.        ]]\n",
      "('IOU_3d:', 0.9733160380703114)\n",
      "Apply point-to-point ICP\n",
      "registration::RegistrationResult with fitness=9.947474e-01, inlier_rmse=1.837570e-02, and correspondence_set size of 71397\n",
      "Access transformation to get result.\n",
      "Transformation is:\n",
      "[[ 0.36789579 -0.92615174 -0.08303985  0.07081452]\n",
      " [-0.63409717 -0.18455566 -0.7509061   0.31070185]\n",
      " [ 0.68012753  0.32891053 -0.65516745  0.8031335 ]\n",
      " [ 0.          0.          0.          1.        ]]\n",
      "('IOU_3d:', 0.9902412635280228)\n",
      "Apply point-to-point ICP\n",
      "registration::RegistrationResult with fitness=1.000000e+00, inlier_rmse=1.826765e-02, and correspondence_set size of 79379\n",
      "Access transformation to get result.\n",
      "Transformation is:\n",
      "[[ 0.82133677 -0.56758751  0.05701169 -0.16339075]\n",
      " [-0.3367144  -0.56305568 -0.75471298  0.29809213]\n",
      " [ 0.46046643  0.60067686 -0.65357322  0.79872336]\n",
      " [ 0.          0.          0.          1.        ]]\n",
      "('IOU_3d:', 0.9721598847566282)\n",
      "Apply point-to-point ICP\n",
      "registration::RegistrationResult with fitness=1.000000e+00, inlier_rmse=2.460309e-02, and correspondence_set size of 88470\n",
      "Access transformation to get result.\n",
      "Transformation is:\n",
      "[[ 0.86846457  0.49470855 -0.03213623 -0.43545143]\n",
      " [ 0.32822489 -0.62236098 -0.71058793  0.10900382]\n",
      " [-0.37153427  0.60657253 -0.70287412  1.01380869]\n",
      " [ 0.          0.          0.          1.        ]]\n",
      "('IOU_3d:', 0.994290563725255)\n",
      "Apply point-to-point ICP\n",
      "registration::RegistrationResult with fitness=1.000000e+00, inlier_rmse=2.514790e-02, and correspondence_set size of 92979\n",
      "Access transformation to get result.\n",
      "Transformation is:\n",
      "[[ 0.93922609  0.33840496  0.05776188 -0.4187886 ]\n",
      " [ 0.25239861 -0.56663899 -0.78435653  0.14917117]\n",
      " [-0.23270001  0.75126714 -0.61761506  0.8596006 ]\n",
      " [ 0.          0.          0.          1.        ]]\n",
      "('IOU_3d:', 0.9917169135538296)\n",
      "Apply point-to-point ICP\n",
      "registration::RegistrationResult with fitness=1.000000e+00, inlier_rmse=2.281882e-02, and correspondence_set size of 88408\n",
      "Access transformation to get result.\n",
      "Transformation is:\n",
      "[[ 0.67380242  0.73885533  0.00911534 -0.40797365]\n",
      " [ 0.52142235 -0.46670029 -0.71435954 -0.00970761]\n",
      " [-0.52355423  0.48609012 -0.69971947  1.09316609]\n",
      " [ 0.          0.          0.          1.        ]]\n",
      "('IOU_3d:', 0.9947244680698691)\n",
      "Apply point-to-point ICP\n",
      "registration::RegistrationResult with fitness=1.000000e+00, inlier_rmse=2.614136e-02, and correspondence_set size of 140790\n",
      "Access transformation to get result.\n",
      "Transformation is:\n",
      "[[ 0.99783993 -0.00370664  0.06558767 -0.42899703]\n",
      " [ 0.04214753 -0.72970281 -0.68246419  0.25001317]\n",
      " [ 0.05038915  0.68375438 -0.72797037  0.73939482]\n",
      " [ 0.          0.          0.          1.        ]]\n",
      "('IOU_3d:', 0.8109630316664765)\n",
      "Apply point-to-point ICP\n",
      "registration::RegistrationResult with fitness=1.000000e+00, inlier_rmse=2.483803e-02, and correspondence_set size of 130671\n",
      "Access transformation to get result.\n",
      "Transformation is:\n",
      "[[ 0.98868547  0.14294775 -0.04546406 -0.43984742]\n",
      " [ 0.0694944  -0.70509664 -0.70569769  0.26021044]\n",
      " [-0.13293446  0.69455355 -0.70705287  0.80599249]\n",
      " [ 0.          0.          0.          1.        ]]\n",
      "('IOU_3d:', 0.8489798533411471)\n",
      "Apply point-to-point ICP\n",
      "registration::RegistrationResult with fitness=1.000000e+00, inlier_rmse=2.241847e-02, and correspondence_set size of 116068\n",
      "Access transformation to get result.\n",
      "Transformation is:\n",
      "[[ 0.92117108 -0.38712102  0.03976373 -0.21748411]\n",
      " [-0.23443195 -0.6335747  -0.73730912  0.29464133]\n",
      " [ 0.31062116  0.66986594 -0.67438423  0.68138471]\n",
      " [ 0.          0.          0.          1.        ]]\n",
      "('IOU_3d:', 0.9001537723317045)\n"
     ]
    }
   ],
   "source": [
    "for i in range(20):\n",
    "    color_path = os.path.join(path, 'color_segmented/color_mask_{}.jpg'.format(i))\n",
    "    depth_path = os.path.join(path, 'depth_segmented/depth_mask_{}.png'.format(i))\n",
    "    cdp_masked = load_cdp(color_path, depth_path)\n",
    "    if cdp_masked.color is None:\n",
    "        mini_table_iou.append(0.0)\n",
    "        pass\n",
    "    else:\n",
    "\n",
    "        icp_table = MultiICP(model='model_CAD/mini_table.STL',\n",
    "                         Toff=SE3(np.identity(3),(0,0,0)), scale=[1e-3,1e-3,1e-3])\n",
    "        icp_table.add_image(cdp_masked, Tc=None)\n",
    "\n",
    "    #     Tguess = SE3(Rot_axis(1, 2*np.pi/3), (-0.15,0,0.7))\n",
    "        Tguess = icp_table.get_initial_by_center(Rot_axis(1, 2*np.pi/3), offset=(-0.27,0.2,0))\n",
    "        T_co1, fitness1 = icp_table.compute_ICP(To=Tguess, thres=0.2, visualize=False)\n",
    "    #     T_co2, fitness2 = icp_table.compute_ICP(To=None, thres=0.3, visualize=False)\n",
    "\n",
    "    #     if fitness1 > fitness2:\n",
    "    #         T_co = T_co1\n",
    "    #     else:\n",
    "    #         T_co = T_co2\n",
    "        T_co = T_co1\n",
    "        color_image = cv2.imread(os.path.join(path, 'color/color_{}.jpg').format(i))\n",
    "        objectPose_dict, corner_dict = aruco_map.get_object_pose_dict(color_image, cameraMatrix, distCoeffs)\n",
    "        # img_out = aruco_map.draw_objects(color_image, objectPose_dict, corner_dict, cameraMatrix, distCoeffs)\n",
    "        # plt.imshow(img_out[:,:,[2,1,0]])\n",
    "\n",
    "        T_cm = objectPose_dict['test_table']\n",
    "        T_mo = SE3(Rot_axis(3, -np.pi/2), (-0.09, 0.03, -0.265))\n",
    "        T_co_gt = np.matmul(T_cm, T_mo)\n",
    "        T_co, T_co_gt\n",
    "\n",
    "        T_off = np.matmul(SE3_inv(T_co_gt), T_co)\n",
    "        origin = o3d.geometry.TriangleMesh.create_coordinate_frame(size=0.1, origin=(0,0,0))\n",
    "\n",
    "        mesh = o3d.io.read_triangle_mesh('model_CAD/mini_table.STL')\n",
    "        mesh_gt = o3d.io.read_triangle_mesh('model_CAD/mini_table.STL')\n",
    "        mesh.vertices = o3d.utility.Vector3dVector(\n",
    "            np.asarray(mesh.vertices) * np.array([1 / 1000.0, 1 / 1000.0, 1 / 1000.0]))\n",
    "        mesh_gt.vertices = o3d.utility.Vector3dVector(\n",
    "            np.asarray(mesh_gt.vertices) * np.array([1 / 1000.0, 1 / 1000.0, 1 / 1000.0]))\n",
    "        mesh.transform(T_off)\n",
    "        # mesh_gt.transform(T_co_gt)\n",
    "        aabox = mesh.get_oriented_bounding_box()\n",
    "        aabox_gt = mesh_gt.get_oriented_bounding_box()\n",
    "\n",
    "    #     o3d.visualization.draw_geometries([mesh, aabox, mesh_gt, aabox_gt, origin])\n",
    "\n",
    "        points = np.asarray(aabox.get_box_points())\n",
    "        points_gt = np.asarray(aabox_gt.get_box_points())\n",
    "        # points = points[points[:,2].argsort()[::-1]]\n",
    "        # points_gt = points_gt[points_gt[:,2].argsort()[::-1]]\n",
    "\n",
    "    #     iou_3d = get_3d_iou(aabox, aabox_gt, points, points_gt)\n",
    "        iou_3d = get_iou_3d(aabox, aabox_gt, points, points_gt, T_off)\n",
    "        mini_table_iou.append(iou_3d)"
   ]
  },
  {
   "cell_type": "code",
   "execution_count": 9,
   "metadata": {},
   "outputs": [
    {
     "data": {
      "text/plain": [
       "[0.896752154262214,\n",
       " 0.9513014887606263,\n",
       " 0.0,\n",
       " 0.0,\n",
       " 0.0,\n",
       " 0.0,\n",
       " 0.9202219733958005,\n",
       " 0.0,\n",
       " 0.0,\n",
       " 0.9733160380703114,\n",
       " 0.9902412635280228,\n",
       " 0.9721598847566282,\n",
       " 0.994290563725255,\n",
       " 0.9917169135538296,\n",
       " 0.9947244680698691,\n",
       " 0.0,\n",
       " 0.8109630316664765,\n",
       " 0.8489798533411471,\n",
       " 0.0,\n",
       " 0.9001537723317045]"
      ]
     },
     "execution_count": 9,
     "metadata": {},
     "output_type": "execute_result"
    }
   ],
   "source": [
    "mini_table_iou"
   ]
  },
  {
   "cell_type": "code",
   "execution_count": 21,
   "metadata": {},
   "outputs": [
    {
     "data": {
      "text/plain": [
       "0.9422625965513596"
      ]
     },
     "execution_count": 21,
     "metadata": {},
     "output_type": "execute_result"
    }
   ],
   "source": [
    "np.mean(np.array(mini_table_iou))"
   ]
  },
  {
   "cell_type": "code",
   "execution_count": 10,
   "metadata": {},
   "outputs": [],
   "source": [
    "np.savetxt('./exp_data/mini_table_iou_result_{}.txt'.format(confidence), np.array(mini_table_iou))"
   ]
  },
  {
   "cell_type": "code",
   "execution_count": null,
   "metadata": {},
   "outputs": [],
   "source": []
  },
  {
   "cell_type": "markdown",
   "metadata": {},
   "source": [
    "### Washstand"
   ]
  },
  {
   "cell_type": "code",
   "execution_count": 11,
   "metadata": {},
   "outputs": [],
   "source": [
    "path = './save_img/washstand'"
   ]
  },
  {
   "cell_type": "code",
   "execution_count": null,
   "metadata": {},
   "outputs": [],
   "source": [
    "# camera-streaming\n",
    "cam_streaming(path)"
   ]
  },
  {
   "cell_type": "code",
   "execution_count": 12,
   "metadata": {},
   "outputs": [
    {
     "data": {
      "text/plain": [
       "'apex is not installed\\napex is not installed\\napex is not installed\\napex is not installed\\nUse load_from_local loader\\nSegmentation Finish!\\n'"
      ]
     },
     "execution_count": 12,
     "metadata": {},
     "output_type": "execute_result"
    }
   ],
   "source": [
    "confidence = 0.01\n",
    "obj_name_arg = obj_name_off + 'washstand'\n",
    "img_num_arg = img_num_off + str(20)\n",
    "confidence_arg = confidence_off + str(confidence)\n",
    "result = subprocess.check_output(['python3',\n",
    "                    os.getcwd() + '/test_seg_multi.py',\n",
    "                    obj_name_arg, img_num_arg, confidence_arg])\n",
    "result"
   ]
  },
  {
   "cell_type": "code",
   "execution_count": 13,
   "metadata": {},
   "outputs": [],
   "source": [
    "washstand_iou = []"
   ]
  },
  {
   "cell_type": "code",
   "execution_count": 14,
   "metadata": {
    "scrolled": true
   },
   "outputs": [
    {
     "name": "stdout",
     "output_type": "stream",
     "text": [
      "Apply point-to-point ICP\n",
      "registration::RegistrationResult with fitness=1.000000e+00, inlier_rmse=3.125604e-02, and correspondence_set size of 12652\n",
      "Access transformation to get result.\n",
      "Transformation is:\n",
      "[[ 0.95038004 -0.27033379 -0.15393969  0.23888653]\n",
      " [-0.17620091 -0.05995544 -0.98252662  0.90421657]\n",
      " [ 0.25638063  0.960898   -0.10461352  1.54507352]\n",
      " [ 0.          0.          0.          1.        ]]\n",
      "('IOU_3d:', 0.7185847641729005)\n",
      "Apply point-to-point ICP\n",
      "registration::RegistrationResult with fitness=1.000000e+00, inlier_rmse=3.187762e-02, and correspondence_set size of 15216\n",
      "Access transformation to get result.\n",
      "Transformation is:\n",
      "[[ 0.92349135 -0.36726482 -0.11081644  0.44668905]\n",
      " [-0.15374362 -0.08967326 -0.98403332  0.86072645]\n",
      " [ 0.35146356  0.92578358 -0.1392771   1.50761193]\n",
      " [ 0.          0.          0.          1.        ]]\n",
      "('IOU_3d:', 0.723221103700546)\n",
      "Apply point-to-point ICP\n",
      "registration::RegistrationResult with fitness=1.000000e+00, inlier_rmse=3.287902e-02, and correspondence_set size of 14906\n",
      "Access transformation to get result.\n",
      "Transformation is:\n",
      "[[ 0.82417478 -0.56629881  0.00644844 -0.08403655]\n",
      " [-0.10884395 -0.16956176 -0.97949057  0.82141147]\n",
      " [ 0.55577776  0.80656955 -0.20138673  1.52787866]\n",
      " [ 0.          0.          0.          1.        ]]\n",
      "('IOU_3d:', 0.7108182004171711)\n",
      "Apply point-to-point ICP\n",
      "registration::RegistrationResult with fitness=1.000000e+00, inlier_rmse=3.025556e-02, and correspondence_set size of 20981\n",
      "Access transformation to get result.\n",
      "Transformation is:\n",
      "[[ 0.86060419 -0.50615987  0.05623702 -0.21015427]\n",
      " [-0.02342178 -0.14964648 -0.9884621   0.94488255]\n",
      " [ 0.50873553  0.84935746 -0.14064155  1.355345  ]\n",
      " [ 0.          0.          0.          1.        ]]\n",
      "('IOU_3d:', 0.7595604008095227)\n",
      "Apply point-to-point ICP\n",
      "registration::RegistrationResult with fitness=1.000000e+00, inlier_rmse=3.279650e-02, and correspondence_set size of 13598\n",
      "Access transformation to get result.\n",
      "Transformation is:\n",
      "[[ 0.82511201 -0.56486358  0.01092208 -0.04608436]\n",
      " [-0.13246061 -0.21220992 -0.9682051   0.92190873]\n",
      " [ 0.54922159  0.79743091 -0.24991913  1.70807196]\n",
      " [ 0.          0.          0.          1.        ]]\n",
      "('IOU_3d:', 0.7550057488393838)\n",
      "Apply point-to-point ICP\n",
      "registration::RegistrationResult with fitness=1.000000e+00, inlier_rmse=3.140995e-02, and correspondence_set size of 15367\n",
      "Access transformation to get result.\n",
      "Transformation is:\n",
      "[[ 0.90057579 -0.43332259  0.03456546 -0.12194867]\n",
      " [-0.03943558 -0.16062886 -0.98622674  0.91890199]\n",
      " [ 0.43290654  0.88680882 -0.16174679  1.50698348]\n",
      " [ 0.          0.          0.          1.        ]]\n",
      "('IOU_3d:', 0.727397636990485)\n",
      "Apply point-to-point ICP\n",
      "registration::RegistrationResult with fitness=1.000000e+00, inlier_rmse=3.052559e-02, and correspondence_set size of 11267\n",
      "Access transformation to get result.\n",
      "Transformation is:\n",
      "[[ 0.95770525 -0.28580476 -0.03341092  0.14106697]\n",
      " [-0.05006089 -0.051148   -0.99743559  1.04423912]\n",
      " [ 0.28336295  0.95692188 -0.06329235  1.60772723]\n",
      " [ 0.          0.          0.          1.        ]]\n",
      "('IOU_3d:', 0.7313745802352348)\n",
      "Apply point-to-point ICP\n",
      "registration::RegistrationResult with fitness=1.000000e+00, inlier_rmse=2.995834e-02, and correspondence_set size of 14770\n",
      "Access transformation to get result.\n",
      "Transformation is:\n",
      "[[ 0.95522952 -0.29565411 -0.01118959  0.19014892]\n",
      " [-0.03427667 -0.07302101 -0.9967412   1.01302887]\n",
      " [ 0.29387357  0.95250016 -0.07988586  1.45958076]\n",
      " [ 0.          0.          0.          1.        ]]\n",
      "('IOU_3d:', 0.7108170072212904)\n",
      "Apply point-to-point ICP\n",
      "registration::RegistrationResult with fitness=1.000000e+00, inlier_rmse=3.329391e-02, and correspondence_set size of 24465\n",
      "Access transformation to get result.\n",
      "Transformation is:\n",
      "[[ 0.82211831 -0.56923256  0.00978668 -0.15632361]\n",
      " [ 0.00357291 -0.01203121 -0.99992123  0.93684622]\n",
      " [ 0.56930548  0.82208851 -0.00785726  1.0600817 ]\n",
      " [ 0.          0.          0.          1.        ]]\n",
      "('IOU_3d:', 0.7649310801345218)\n",
      "Apply point-to-point ICP\n",
      "registration::RegistrationResult with fitness=1.000000e+00, inlier_rmse=3.314131e-02, and correspondence_set size of 29318\n",
      "Access transformation to get result.\n",
      "Transformation is:\n",
      "[[ 0.9468595  -0.31803041 -0.04810133  0.02569763]\n",
      " [-0.05902601 -0.02479858 -0.99794836  0.89582154]\n",
      " [ 0.31618509  0.94775612 -0.04225284  1.03873731]\n",
      " [ 0.          0.          0.          1.        ]]\n",
      "('IOU_3d:', 0.7748319318685264)\n",
      "Apply point-to-point ICP\n",
      "registration::RegistrationResult with fitness=1.000000e+00, inlier_rmse=3.414220e-02, and correspondence_set size of 33676\n",
      "Access transformation to get result.\n",
      "Transformation is:\n",
      "[[ 0.98172085  0.07067887  0.17671636 -0.23479789]\n",
      " [ 0.18765579 -0.20445365 -0.96072055  0.80389957]\n",
      " [-0.03177234  0.97632124 -0.21397971  1.22257733]\n",
      " [ 0.          0.          0.          1.        ]]\n",
      "('IOU_3d:', 0.7346059416012531)\n",
      "Apply point-to-point ICP\n",
      "registration::RegistrationResult with fitness=1.000000e+00, inlier_rmse=3.305778e-02, and correspondence_set size of 30360\n",
      "Access transformation to get result.\n",
      "Transformation is:\n",
      "[[ 0.9540948   0.28225653  0.10017163  0.03639988]\n",
      " [ 0.1474631  -0.15159217 -0.97738141  0.85096295]\n",
      " [-0.26068706  0.94728614 -0.18625572  1.2225766 ]\n",
      " [ 0.          0.          0.          1.        ]]\n",
      "('IOU_3d:', 0.7227672487503441)\n",
      "Apply point-to-point ICP\n",
      "registration::RegistrationResult with fitness=1.000000e+00, inlier_rmse=3.803565e-02, and correspondence_set size of 18828\n",
      "Access transformation to get result.\n",
      "Transformation is:\n",
      "[[ 0.9978261  -0.01872061 -0.06318708  0.09524437]\n",
      " [-0.06306434  0.00707641 -0.99798436  0.91625325]\n",
      " [ 0.01913001  0.9997997   0.00588043  1.1456425 ]\n",
      " [ 0.          0.          0.          1.        ]]\n",
      "('IOU_3d:', 0.7030151891792775)\n",
      "Apply point-to-point ICP\n",
      "registration::RegistrationResult with fitness=9.999477e-01, inlier_rmse=3.961706e-02, and correspondence_set size of 19114\n",
      "Access transformation to get result.\n",
      "Transformation is:\n",
      "[[ 0.98347319  0.06454482 -0.16915805  0.11431446]\n",
      " [-0.17768103  0.52356965 -0.83324921  0.96024742]\n",
      " [ 0.0347841   0.84953444  0.52638511  0.73583049]\n",
      " [ 0.          0.          0.          1.        ]]\n",
      "('IOU_3d:', 0.45601688007045066)\n",
      "Apply point-to-point ICP\n",
      "registration::RegistrationResult with fitness=9.992243e-01, inlier_rmse=4.097084e-02, and correspondence_set size of 15457\n",
      "Access transformation to get result.\n",
      "Transformation is:\n",
      "[[ 0.98762406 -0.02837822 -0.15425108  0.00892671]\n",
      " [-0.12261158  0.47358321 -0.87217275  0.95594527]\n",
      " [ 0.09780144  0.88029176  0.46424268  0.87003248]\n",
      " [ 0.          0.          0.          1.        ]]\n",
      "('IOU_3d:', 0.4523973720158529)\n",
      "Apply point-to-point ICP\n",
      "registration::RegistrationResult with fitness=1.000000e+00, inlier_rmse=3.849067e-02, and correspondence_set size of 23064\n",
      "Access transformation to get result.\n",
      "Transformation is:\n",
      "[[ 0.92018811 -0.38276677 -0.08211839  0.08396337]\n",
      " [ 0.13118859  0.49914252 -0.85653153  0.90517779]\n",
      " [ 0.3688406   0.77739714  0.50951965  0.6557923 ]\n",
      " [ 0.          0.          0.          1.        ]]\n",
      "('IOU_3d:', 0.4973296503152455)\n",
      "Apply point-to-point ICP\n",
      "registration::RegistrationResult with fitness=1.000000e+00, inlier_rmse=3.236212e-02, and correspondence_set size of 18023\n",
      "Access transformation to get result.\n",
      "Transformation is:\n",
      "[[ 0.92265011 -0.33051699 -0.19868387  0.18649839]\n",
      " [-0.25261827 -0.12873024 -0.95896429  0.72302017]\n",
      " [ 0.29137738  0.93497969 -0.20226761  1.37313109]\n",
      " [ 0.          0.          0.          1.        ]]\n",
      "('IOU_3d:', 0.7070291657523541)\n",
      "Apply point-to-point ICP\n",
      "registration::RegistrationResult with fitness=1.000000e+00, inlier_rmse=3.169935e-02, and correspondence_set size of 29118\n",
      "Access transformation to get result.\n",
      "Transformation is:\n",
      "[[ 0.96604187 -0.10990211 -0.23384743  0.2033207 ]\n",
      " [-0.25062586 -0.17842635 -0.95149918  0.70167092]\n",
      " [ 0.06284723  0.97779627 -0.19991164  1.16840756]\n",
      " [ 0.          0.          0.          1.        ]]\n",
      "('IOU_3d:', 0.7560597040839362)\n",
      "Apply point-to-point ICP\n",
      "registration::RegistrationResult with fitness=1.000000e+00, inlier_rmse=3.328472e-02, and correspondence_set size of 32158\n",
      "Access transformation to get result.\n",
      "Transformation is:\n",
      "[[ 0.92330897  0.37962233 -0.05820162  0.25545913]\n",
      " [ 0.0083095  -0.17125439 -0.98519179  0.75855001]\n",
      " [-0.38396809  0.90915279 -0.16127519  1.09384913]\n",
      " [ 0.          0.          0.          1.        ]]\n",
      "('IOU_3d:', 0.7850391098935965)\n",
      "Apply point-to-point ICP\n"
     ]
    },
    {
     "name": "stdout",
     "output_type": "stream",
     "text": [
      "registration::RegistrationResult with fitness=1.000000e+00, inlier_rmse=3.445504e-02, and correspondence_set size of 25889\n",
      "Access transformation to get result.\n",
      "Transformation is:\n",
      "[[ 0.88500092 -0.46288023  0.05015232 -0.06316346]\n",
      " [ 0.01702182 -0.0754788  -0.9970021   0.87109157]\n",
      " [ 0.46527801  0.88320146 -0.05891974  1.0939489 ]\n",
      " [ 0.          0.          0.          1.        ]]\n",
      "('IOU_3d:', 0.7473727713787528)\n"
     ]
    }
   ],
   "source": [
    "for j in range(20):\n",
    "    color_path = os.path.join(path, 'color_segmented/color_mask_{}.jpg'.format(j))\n",
    "    depth_path = os.path.join(path, 'depth_segmented/depth_mask_{}.png'.format(j))\n",
    "    cdp_masked = load_cdp(color_path, depth_path)\n",
    "    if cdp_masked.color is None:\n",
    "        washstand_iou.append(0.0)\n",
    "        pass\n",
    "    else:\n",
    "        icp_washstand = MultiICP(model='model_CAD/washstand.stl',\n",
    "                         Toff=SE3(np.identity(3),(0,0,0)), scale=[1.12e-2,1.4e-2,1.1e-2])\n",
    "        icp_washstand.add_image(cdp_masked, Tc=None)\n",
    "\n",
    "        scale=[1.12e-2,1.4e-2,1.1e-2]\n",
    "        wash_model = o3d.io.read_triangle_mesh('model_CAD/washstand.stl')\n",
    "        wash_model.vertices = o3d.utility.Vector3dVector(\n",
    "                        np.asarray(wash_model.vertices) * np.array([scale[0], scale[1], scale[2]]))\n",
    "\n",
    "        wash_pcd = wash_model.sample_points_uniformly(int(len(np.asarray(icp_washstand.pcd.points))*0.7))\n",
    "        points = np.asarray(wash_pcd.points)\n",
    "\n",
    "        idx = []\n",
    "        for i in range(len(points)):\n",
    "            if points[i, 2] > 0.65:\n",
    "                idx.append(i)\n",
    "\n",
    "        pts = np.zeros((len(idx), 3))\n",
    "        for i in range(len(idx)):\n",
    "            pts[i] = points[idx[i]]\n",
    "\n",
    "        cut_pcd = o3d.geometry.PointCloud()\n",
    "        cut_pcd.points = o3d.utility.Vector3dVector(pts)\n",
    "        icp_washstand.model_sampled = cut_pcd\n",
    "\n",
    "        Tguess = icp_washstand.get_initial_by_center(Rot_axis(1, 2*np.pi/3), offset=(-0.05,0.6,0.6))\n",
    "        T_co1, fitness1 = icp_washstand.compute_ICP(To=Tguess, thres=0.15, visualize=False)\n",
    "\n",
    "        T_co = T_co1\n",
    "\n",
    "        color_image = cv2.imread(os.path.join(path, 'color/color_{}.jpg'.format(j)))\n",
    "        objectPose_dict, corner_dict = aruco_map.get_object_pose_dict(color_image, cameraMatrix, distCoeffs)\n",
    "    #     img_out = aruco_map.draw_objects(color_image, objectPose_dict, corner_dict, cameraMatrix, distCoeffs)\n",
    "    #     plt.imshow(img_out[:,:,[2,1,0]])\n",
    "\n",
    "        T_cm = objectPose_dict['test_table']\n",
    "        T_mo = SE3(Rot_axis(1, -np.pi/2), (0.275, -1.065, -0.01))\n",
    "        T_co_gt = np.matmul(T_cm, T_mo)\n",
    "\n",
    "        T_off = np.matmul(SE3_inv(T_co_gt), T_co)\n",
    "\n",
    "        origin = o3d.geometry.TriangleMesh.create_coordinate_frame(size=0.1, origin=(0,0,0))\n",
    "        mesh = o3d.io.read_triangle_mesh('model_CAD/washstand.stl')\n",
    "        mesh_gt = o3d.io.read_triangle_mesh('model_CAD/washstand.stl')\n",
    "        mesh.vertices = o3d.utility.Vector3dVector(\n",
    "                        np.asarray(mesh.vertices) * np.array([scale[0], scale[1], scale[2]]))\n",
    "        mesh_gt.vertices = o3d.utility.Vector3dVector(\n",
    "                        np.asarray(mesh_gt.vertices) * np.array([scale[0], scale[1], scale[2]]))\n",
    "        mesh.transform(T_off)\n",
    "        # mesh_gt.transform(T_co_gt)\n",
    "        # aabox = mesh.get_oriented_bounding_box()\n",
    "        # aabox_gt = mesh_gt.get_oriented_bounding_box()\n",
    "        aabox = mesh.get_axis_aligned_bounding_box()\n",
    "        aabox_gt = mesh_gt.get_axis_aligned_bounding_box()\n",
    "\n",
    "    #     o3d.visualization.draw_geometries([mesh, aabox, mesh_gt, aabox_gt, origin])\n",
    "        points = np.asarray(aabox.get_box_points())\n",
    "        points_gt = np.asarray(aabox_gt.get_box_points())\n",
    "        # points = points[points[:,2].argsort()[::-1]]\n",
    "        # points_gt = points_gt[points_gt[:,2].argsort()[::-1]]\n",
    "\n",
    "    #     iou_3d = get_3d_iou(aabox, aabox_gt, points, points_gt)\n",
    "        iou_3d = get_iou_3d(aabox, aabox_gt, points, points_gt, T_off)\n",
    "        washstand_iou.append(iou_3d)"
   ]
  },
  {
   "cell_type": "code",
   "execution_count": 15,
   "metadata": {},
   "outputs": [
    {
     "data": {
      "text/plain": [
       "[0.7185847641729005,\n",
       " 0.723221103700546,\n",
       " 0.7108182004171711,\n",
       " 0.7595604008095227,\n",
       " 0.7550057488393838,\n",
       " 0.727397636990485,\n",
       " 0.7313745802352348,\n",
       " 0.7108170072212904,\n",
       " 0.7649310801345218,\n",
       " 0.7748319318685264,\n",
       " 0.7346059416012531,\n",
       " 0.7227672487503441,\n",
       " 0.7030151891792775,\n",
       " 0.45601688007045066,\n",
       " 0.4523973720158529,\n",
       " 0.4973296503152455,\n",
       " 0.7070291657523541,\n",
       " 0.7560597040839362,\n",
       " 0.7850391098935965,\n",
       " 0.7473727713787528]"
      ]
     },
     "execution_count": 15,
     "metadata": {},
     "output_type": "execute_result"
    }
   ],
   "source": [
    "washstand_iou"
   ]
  },
  {
   "cell_type": "code",
   "execution_count": 12,
   "metadata": {},
   "outputs": [
    {
     "data": {
      "text/plain": [
       "0.6985115173653922"
      ]
     },
     "execution_count": 12,
     "metadata": {},
     "output_type": "execute_result"
    }
   ],
   "source": [
    "np.mean(np.array(washstand_iou))"
   ]
  },
  {
   "cell_type": "code",
   "execution_count": 16,
   "metadata": {},
   "outputs": [],
   "source": [
    "np.savetxt('./exp_data/washstand_iou_result_{}.txt'.format(confidence), np.array(washstand_iou))"
   ]
  },
  {
   "cell_type": "code",
   "execution_count": null,
   "metadata": {},
   "outputs": [],
   "source": []
  },
  {
   "cell_type": "markdown",
   "metadata": {},
   "source": [
    "### Bed & Closet"
   ]
  },
  {
   "cell_type": "code",
   "execution_count": 17,
   "metadata": {},
   "outputs": [
    {
     "name": "stdout",
     "output_type": "stream",
     "text": [
      "connection command:\n",
      "kmb0: False\n",
      "indy1: False\n",
      "Please create a subscriber to the marker\n",
      "publication OK\n",
      "published: [0, 0, 0, 0, 0, 0, 0, 0, 0, 0, 0, 0]\n",
      "Please create a subscriber to the marker\n"
     ]
    }
   ],
   "source": [
    "INDY_BASE_OFFSET = (0.172,0,0.439)\n",
    "INDY_BASE_RPY = (0,0,0)\n",
    "mobile_config = RobotConfig(0, RobotType.kmb, ((0,0,0), (0,0,0)),\n",
    "                \"{}/{}\".format(None, None))\n",
    "robot_config = RobotConfig(1, RobotType.indy7, \n",
    "                           (INDY_BASE_OFFSET, INDY_BASE_RPY),\n",
    "                           None, root_on=\"kmb0_platform\", \n",
    "                           specs={\"no_sdk\":True})\n",
    "MOBILE_NAME = mobile_config.get_indexed_name()\n",
    "ROBOT_NAME = robot_config.get_indexed_name()\n",
    "crob = CombinedRobot(robots_on_scene=[mobile_config, robot_config]\n",
    "              , connection_list=[False, False])\n",
    "\n",
    "s_builder = SceneBuilder(None)\n",
    "gscene = s_builder.create_gscene(crob)\n",
    "\n",
    "from pkg.planning.scene import PlanningScene\n",
    "pscene = PlanningScene(gscene, combined_robot=crob)\n",
    "import os\n",
    "import sys\n",
    "sys.path.append(os.path.join(\n",
    "    os.environ[\"RNB_PLANNING_DIR\"], 'src/scripts/demo_202107'))\n",
    "from demo_utils.environment import add_cam, add_bed, add_closet, move_bed, move_closet\n",
    "\n",
    "ROBOT_BASE = pscene.robot_chain_dict[ROBOT_NAME]['link_names'][0]\n",
    "TIP_LINK = pscene.robot_chain_dict[ROBOT_NAME][\"tip_link\"]\n",
    "MOBILE_BASE = pscene.robot_chain_dict[MOBILE_NAME][\"tip_link\"]\n",
    "HOLD_LINK = MOBILE_BASE\n",
    "\n",
    "viewpoint = add_cam(gscene, tool_link=TIP_LINK)\n",
    "VIEW_POSE = np.deg2rad([  0., 50.,  -70.,  -0.,  -90., 0])\n",
    "VIEW_LOC = [0]*6\n",
    "VIEW_POSE_EXT = np.array(VIEW_LOC + list(VIEW_POSE))\n",
    "T_bc = viewpoint.get_tf(VIEW_POSE_EXT)\n",
    "T_cb = SE3_inv(T_bc)\n",
    "gscene.show_pose(VIEW_POSE_EXT)"
   ]
  },
  {
   "cell_type": "code",
   "execution_count": 18,
   "metadata": {},
   "outputs": [],
   "source": [
    "path = './save_img/bed'"
   ]
  },
  {
   "cell_type": "code",
   "execution_count": 4,
   "metadata": {},
   "outputs": [
    {
     "name": "stdout",
     "output_type": "stream",
     "text": [
      "./save_img/bed not empty. Overwrite? (y/n) : y\n",
      "Saved color + depth image 0\n",
      "Saved color + depth image 1\n",
      "Saved color + depth image 2\n",
      "Saved color + depth image 3\n",
      "Saved color + depth image 4\n",
      "Saved color + depth image 5\n",
      "Saved color + depth image 6\n",
      "Saved color + depth image 7\n",
      "Saved color + depth image 8\n",
      "Saved color + depth image 9\n",
      "Saved color + depth image 10\n",
      "Saved color + depth image 11\n",
      "Saved color + depth image 12\n",
      "Saved color + depth image 13\n",
      "Saved color + depth image 14\n",
      "Saved color + depth image 15\n",
      "Saved color + depth image 16\n",
      "Saved color + depth image 17\n",
      "Saved color + depth image 18\n",
      "Saved color + depth image 19\n",
      "Saved color + depth image 20\n",
      "Saved color + depth image 21\n",
      "Saved color + depth image 22\n",
      "Saved color + depth image 23\n",
      "Saved color + depth image 24\n",
      "Saved color + depth image 25\n",
      "Saved color + depth image 26\n",
      "Saved color + depth image 27\n",
      "Saved color + depth image 28\n",
      "Saved color + depth image 29\n",
      "Saved color + depth image 30\n",
      "Saved color + depth image 31\n",
      "Saved color + depth image 32\n",
      "Saved color + depth image 33\n",
      "Saved color + depth image 34\n",
      "Saved color + depth image 35\n",
      "Saved color + depth image 36\n",
      "Saved color + depth image 37\n",
      "Saved color + depth image 38\n",
      "Saved color + depth image 39\n",
      "Saved color + depth image 40\n",
      "Saved color + depth image 41\n",
      "Saved color + depth image 42\n",
      "Saved color + depth image 43\n",
      "Saved color + depth image 44\n",
      "Saved color + depth image 45\n",
      "Saved color + depth image 46\n",
      "Saved color + depth image 47\n",
      "Saved color + depth image 48\n",
      "Saved color + depth image 49\n",
