{
 "cells": [
  {
   "cell_type": "code",
   "execution_count": 1,
   "metadata": {},
   "outputs": [
    {
     "name": "stdout",
     "output_type": "stream",
     "text": [
      "Mobile IP: 192.168.17.2\n",
      "ROBOT  IP: 192.168.17.2\n",
      "PANDA  IP: 192.168.17.3\n"
     ]
    }
   ],
   "source": [
    "import os\n",
    "import sys\n",
    "sys.path.append(os.path.join(os.path.join(\n",
    "    os.environ[\"RNB_PLANNING_DIR\"], 'src')))\n",
    "sys.path.append(os.path.join(\n",
    "    os.environ[\"RNB_PLANNING_DIR\"], 'src/scripts/demo_202107'))\n",
    "\n",
    "CONNECT_MOBILE = True\n",
    "CONNECT_ROBOT = True\n",
    "SAVE_DATA = False\n",
    "\n",
    "MOBILE_IP = \"192.168.17.2\"\n",
    "ROBOT_IP = \"192.168.17.2\"\n",
    "PANDA_IP = \"192.168.17.3\"\n",
    "\n",
    "print(\"Mobile IP: {}\".format(MOBILE_IP))\n",
    "print(\"ROBOT  IP: {}\".format(ROBOT_IP))\n",
    "print(\"PANDA  IP: {}\".format(PANDA_IP))\n",
    "\n",
    "sys.path.append(os.path.join(\n",
    "    os.environ[\"RNB_PLANNING_DIR\"], 'src/scripts/developing/multiobject'))\n",
    "\n",
    "from concurrent import futures\n",
    "import logging\n",
    "import math\n",
    "import time\n",
    "import cv2\n",
    "import numpy as np\n",
    "import grpc\n",
    "import RemoteCam_pb2\n",
    "import RemoteCam_pb2_grpc\n",
    "\n",
    "MAX_MESSAGE_LENGTH = 10000000\n",
    "PORT_CAM = 10509"
   ]
  },
  {
   "cell_type": "code",
   "execution_count": 2,
   "metadata": {},
   "outputs": [
    {
     "name": "stdout",
     "output_type": "stream",
     "text": [
      "connection command:\n",
      "pmb0: True\n",
      "panda_arm1: True\n"
     ]
    }
   ],
   "source": [
    "ROBOT_BASE_OFFSET = (-0.28+0.008,0,0.592)\n",
    "ROBOT_BASE_RPY = (0,0,0)\n",
    "TOOL_NAME = \"brush_face\"\n",
    "WALL_THICKNESS = 0.01\n",
    "CLEARANCE = 0.001\n",
    "WS_HEIGHT = 1.7\n",
    "COL_COLOR = (1,1,1,0.2)\n",
    "    \n",
    "LOG_FORCE = False\n",
    "\n",
    "from pkg.controller.combined_robot import *\n",
    "from pkg.project_config import *\n",
    "\n",
    "kiro_udp_client.KIRO_UDP_OFFLINE_DEBUG = not CONNECT_MOBILE\n",
    "\n",
    "mobile_config = RobotConfig(0, RobotType.pmb, ((0,0,0), (0,0,0)), MOBILE_IP)\n",
    "robot_config = RobotConfig(1, RobotType.panda_arm, \n",
    "                           (ROBOT_BASE_OFFSET, ROBOT_BASE_RPY),\n",
    "                           \"{}/{}\".format(ROBOT_IP, PANDA_IP), root_on=\"pmb0_platform\")\n",
    "\n",
    "ROBOT_TYPE = robot_config.type\n",
    "MOBILE_NAME = mobile_config.get_indexed_name()\n",
    "ROBOT_NAME = robot_config.get_indexed_name()\n",
    "crob = CombinedRobot(robots_on_scene=[mobile_config, robot_config],\n",
    "                     connection_list=[CONNECT_MOBILE, CONNECT_ROBOT])"
   ]
  },
  {
   "cell_type": "code",
   "execution_count": null,
   "metadata": {},
   "outputs": [],
   "source": []
  },
  {
   "cell_type": "markdown",
   "metadata": {},
   "source": [
    "### Make scene"
   ]
  },
  {
   "cell_type": "code",
   "execution_count": 3,
   "metadata": {
    "scrolled": true
   },
   "outputs": [
    {
     "name": "stdout",
     "output_type": "stream",
     "text": [
      "Unable to register with master node [http://localhost:11311]: master may not be running yet. Will keep trying.\n",
      "Please create a subscriber to the marker\n",
      "publication OK\n",
      "published: [0, 0, 0, 0, 0, 0, 0, 0, 0, 0, 0, 0, 0]\n",
      "Please create a subscriber to the marker\n"
     ]
    }
   ],
   "source": [
    "from pkg.geometry.builder.scene_builder import SceneBuilder\n",
    "from pkg.planning.scene import PlanningScene\n",
    "\n",
    "s_builder = SceneBuilder(None)\n",
    "gscene = s_builder.create_gscene(crob)\n",
    "gtems = s_builder.add_robot_geometries(\n",
    "    color=COL_COLOR, display=True, collision=True)\n",
    "\n",
    "gscene.set_workspace_boundary(\n",
    "    -1, 4, -2.5, 2.5, -CLEARANCE, WS_HEIGHT, thickness=WALL_THICKNESS)\n",
    "\n",
    "HOME_POSE_DEFAULT = np.copy(crob.home_pose)\n",
    "gscene.show_pose(crob.home_pose)\n",
    "crob.simulator.gscene=gscene"
   ]
  },
  {
   "cell_type": "code",
   "execution_count": null,
   "metadata": {},
   "outputs": [],
   "source": []
  },
  {
   "cell_type": "markdown",
   "metadata": {},
   "source": [
    "### Planning scene"
   ]
  },
  {
   "cell_type": "code",
   "execution_count": 4,
   "metadata": {},
   "outputs": [],
   "source": [
    "from pkg.geometry.geometry import *\n",
    "from pkg.utils.code_scraps import *\n",
    "from pkg.planning.constraint.constraint_subject import *\n",
    "from pkg.planning.constraint.constraint_actor import *\n",
    "from exp_config import *\n",
    "\n",
    "pscene = PlanningScene(gscene, combined_robot=crob)"
   ]
  },
  {
   "cell_type": "code",
   "execution_count": 5,
   "metadata": {},
   "outputs": [],
   "source": [
    "ROBOT_BASE = pscene.robot_chain_dict[ROBOT_NAME]['link_names'][0]\n",
    "TIP_LINK = pscene.robot_chain_dict[ROBOT_NAME][\"tip_link\"]\n",
    "MOBILE_BASE = pscene.robot_chain_dict[MOBILE_NAME][\"tip_link\"]\n",
    "HOLD_LINK = MOBILE_BASE\n",
    "BRUSH_NAME = \"brush_face\"\n",
    "theta = -np.pi*3/4\n",
    "viewpoint  = add_panda_cam(gscene, tool_link=TIP_LINK, theta=theta)\n",
    "brush_face = add_panda_brush(gscene, tool_link=TIP_LINK, theta=theta, brush_name=BRUSH_NAME)\n",
    "\n",
    "point_brush, rpy_brush = (0,0,-brush_face.dims[2]/2), (0,0,0)\n",
    "brush_b = pscene.create_binder(BRUSH_NAME, BRUSH_NAME, WayFramer, point=point_brush, rpy=rpy_brush)\n",
    "gscene.show_pose(HOME_POSE_DEFAULT)\n",
    "\n",
    "MOBILE_PUSH_NAME = \"mpush\"\n",
    "MOBILE_PUSH_HEIGHT = 0.4\n",
    "MOBILE_PUSH_KEY = 1\n",
    "MOBILE_SLIDE_KEY = 2\n",
    "front_dist = 0.03\n",
    "mpush_g = gscene.create_safe(GEOTYPE.SPHERE, MOBILE_PUSH_NAME, link_name=HOLD_LINK,dims=(0.01,0.01,0.01),\n",
    "                           center=(front_dist, 0, MOBILE_PUSH_HEIGHT), rpy=(0,np.pi/2,0),\n",
    "                           fixed=True, collision=False, color=(1,0,0,0.5))\n",
    "mpush_b = pscene.create_binder(MOBILE_PUSH_NAME, MOBILE_PUSH_NAME, FramedTool, point=(0,0,0), rpy=(0,0,0), key=MOBILE_PUSH_KEY)\n",
    "\n",
    "floor_b = pscene.create_binder(\"floor_ws\", \"floor_ws\", PlaceFrame, point=(0,0,WALL_THICKNESS/2), key=MOBILE_SLIDE_KEY)\n",
    "\n",
    "TOOL_PUSH_NAME = \"tpush\"\n",
    "TOOL_PUSH_HEIGHT = 0.03\n",
    "TOOL_PUSH_KEY = 10\n",
    "TOOL_SLIDE_KEY = 11\n",
    "brush_col = gscene.NAME_DICT[BRUSH_NAME+\"_col\"]\n",
    "TOOL_DIM = brush_col.dims\n",
    "\n",
    "center_push, rpy_push = (TOOL_DIM[0]/2+CLEARANCE, 0, 0), (0,np.pi/2,0)    \n",
    "tpush_g = gscene.create_safe(GEOTYPE.SPHERE, TOOL_PUSH_NAME, link_name=TIP_LINK,dims=(0.01,0.01,0.01),\n",
    "                           center=center_push, rpy=rpy_push,\n",
    "                           fixed=True, collision=False, color=(1,0,0,0.5), parent=BRUSH_NAME)\n",
    "tpush_b = pscene.create_binder(TOOL_PUSH_NAME, TOOL_PUSH_NAME, FramedTool, point=(0,0,0), rpy=(0,0,0), key=TOOL_PUSH_KEY)"
   ]
  },
  {
   "cell_type": "code",
   "execution_count": null,
   "metadata": {},
   "outputs": [],
   "source": []
  },
  {
   "cell_type": "markdown",
   "metadata": {},
   "source": [
    "### MultiICP Detector"
   ]
  },
  {
   "cell_type": "code",
   "execution_count": 6,
   "metadata": {},
   "outputs": [],
   "source": [
    "from pkg.detector.multiICP.multiICP import MultiICP, MultiICP_Obj\n",
    "from pkg.detector.multiICP.config import *\n",
    "from pkg.detector.camera.realsense import RealSense\n",
    "from pkg.detector.detector_interface import DetectionLevel\n",
    "\n",
    "import open3d as o3d\n",
    "import numpy as np\n",
    "\n",
    "CONNECT_CAM = False\n",
    "REMOTE_CAM = True\n",
    "\n",
    "CARRIER_DIM = (0.4, 0.29, 0.635)\n",
    "CLOCK_DIM = (0.138, 0.05, 0.078)\n",
    "TABLE_DIM = (1.6, 0.8, 0.725)"
   ]
  },
  {
   "cell_type": "code",
   "execution_count": 7,
   "metadata": {},
   "outputs": [
    {
     "name": "stdout",
     "output_type": "stream",
     "text": [
      "Camera is not set - skip initialization, use remote camera\n",
      "request 0 -> response 0\n",
      "==== Received camera config from remote camera ====\n"
     ]
    }
   ],
   "source": [
    "from demo_utils.data_reconstructed_camera import DataRecontructedCamera\n",
    "dcam = DataRecontructedCamera(crob, viewpoint)\n",
    "# if not CONNECT_CAM and not REMOTE_CAM:\n",
    "#     dcam.initialize()\n",
    "\n",
    "if CONNECT_CAM:\n",
    "    realsense = RealSense()\n",
    "    micp = MultiICP(realsense)\n",
    "    micp.initialize()\n",
    "else:\n",
    "    if REMOTE_CAM:\n",
    "        # use remote camera\n",
    "        micp = MultiICP(None)\n",
    "        micp.initialize(remote_cam=REMOTE_CAM)\n",
    "#         dcam.ready_saving(*micp.get_camera_config())\n",
    "#         cam_pose = viewpoint.get_tf(VIEW_POSE_EXT)\n",
    "    else:\n",
    "        # use manually given camera configs\n",
    "        micp = MultiICP(None)\n",
    "        config_list, img_dim = load_pickle(RNB_PLANNING_DIR+\"release/multiICP_data/cam_configs.pkl\")\n",
    "        micp.initialize(config_list, img_dim)\n",
    "#         micp = MultiICP(dcam)\n",
    "#         micp.initialize()"
   ]
  },
  {
   "cell_type": "markdown",
   "metadata": {},
   "source": [
    "### Shared Detector"
   ]
  },
  {
   "cell_type": "code",
   "execution_count": 8,
   "metadata": {},
   "outputs": [],
   "source": [
    "from pkg.utils.shared_function import clear_channels_on, sa\n",
    "clear_channels_on(\"SharedDetector\")\n",
    "\n",
    "from pkg.detector.multiICP.shared_detector import SharedDetectorGen\n",
    "sd = SharedDetectorGen(tuple(reversed(micp.dsize))+(3,))()\n",
    "sd.init()"
   ]
  },
  {
   "cell_type": "code",
   "execution_count": null,
   "metadata": {},
   "outputs": [],
   "source": []
  },
  {
   "cell_type": "markdown",
   "metadata": {},
   "source": [
    "### Set ICP Config"
   ]
  },
  {
   "cell_type": "code",
   "execution_count": 9,
   "metadata": {},
   "outputs": [],
   "source": [
    "# Load config file of object information\n",
    "obj_info_dict = get_obj_info()"
   ]
  },
  {
   "cell_type": "code",
   "execution_count": 10,
   "metadata": {},
   "outputs": [],
   "source": [
    "micp_suitcase = MultiICP_Obj(obj_info_dict[\"suitcase\"], None,\n",
    "                        OffsetOnModelCoord(\"suitcase\", R=np.matmul(Rot_axis(1, 2*np.pi/3), Rot_axis(3, np.pi/2)), offset=(0.,0.,0.2)))\n",
    "\n",
    "\n",
    "micp_clock = MultiICP_Obj(obj_info_dict[\"clock\"], None,\n",
    "                        OffsetOnModelCoord(\"clock\", R=Rot_axis(1, np.pi/4), offset=(-0.04,-0.03,0.04)))\n",
    "\n",
    "\n",
    "micp_table = MultiICP_Obj(obj_info_dict[\"dining table\"], None,\n",
    "                        OffsetOnModelCoord(\"dining table\", R=Rot_axis(1, 3*np.pi/4), offset=(0.,0.35,0.6)))\n",
    "\n",
    "micp_chair = MultiICP_Obj(obj_info_dict[\"chair\"], None,\n",
    "                        OffsetOnModelCoord(\"chair\", R=Rot_axis(1, 3*np.pi/4), offset=(0.1, 0.1,0.)))"
   ]
  },
  {
   "cell_type": "code",
   "execution_count": 11,
   "metadata": {},
   "outputs": [],
   "source": [
    "micp_dict = {\"suitcase\": micp_suitcase, \"clock\": micp_clock,\n",
    "             \"dining table\": micp_table, \"chair\": micp_chair}\n",
    "micp.set_config(micp_dict, sd, crob, viewpoint)"
   ]
  },
  {
   "cell_type": "code",
   "execution_count": null,
   "metadata": {},
   "outputs": [],
   "source": []
  },
  {
   "cell_type": "markdown",
   "metadata": {},
   "source": [
    "## Table"
   ]
  },
  {
   "cell_type": "code",
   "execution_count": 84,
   "metadata": {},
   "outputs": [],
   "source": [
    "VIEW_LOC = crob.get_real_robot_pose()[:6]\n",
    "VIEW_ARM = HOME_POSE_DEFAULT[6:] + np.deg2rad([0,0,0,0,0,45,-45])\n",
    "VIEW_TABLE = list(VIEW_LOC) + list(VIEW_ARM)\n",
    "crob.joint_move_make_sure(np.array(VIEW_TABLE), ref_speed=np.pi/8)"
   ]
  },
  {
   "cell_type": "code",
   "execution_count": 85,
   "metadata": {},
   "outputs": [],
   "source": [
    "TABLE_DIM = (1.6, 0.8, 0.725)\n",
    "TABLE_NAME = \"table\"\n",
    "TABLE_LOC = (3, 0, TABLE_DIM[2]/2)\n",
    "TABLE_RPY = (0,0,0)"
   ]
  },
  {
   "cell_type": "code",
   "execution_count": 86,
   "metadata": {
    "scrolled": true
   },
   "outputs": [
    {
     "name": "stdout",
     "output_type": "stream",
     "text": [
      "name_mask is ['dining table']\n",
      "request 0 -> response 0\n",
      "==== Received color, depth image from remote camera ====\n",
      "Maximun num of object for detection : 1\n",
      "===== Detected : dining table, 1 object(s) =====\n",
      "[NOTICE] You choose merge option for mask. Detected masks would be merged.\n",
      "\n",
      "'dining table' is not in gscene. Use manual input for initial guess\n",
      "\n",
      "Apply point-to-point ICP\n",
      "registration::RegistrationResult with fitness=1.000000e+00, inlier_rmse=1.233706e-01, and correspondence_set size of 27990\n",
      "Access transformation to get result.\n",
      "Transformation is:\n",
      "[[ 0.94039859  0.33078888 -0.07892529 -0.61705276]\n",
      " [ 0.158782   -0.63231975 -0.75826115  0.63093704]\n",
      " [-0.30073039  0.7005358  -0.64715593  2.5518015 ]\n",
      " [ 0.          0.          0.          1.        ]]\n",
      "Total ICP Transformation is:\n",
      "[[ 0.94039859  0.33078888 -0.07892529 -0.61705276]\n",
      " [ 0.158782   -0.63231975 -0.75826115  0.63093704]\n",
      " [-0.30073039  0.7005358  -0.64715593  2.5518015 ]\n",
      " [ 0.          0.          0.          1.        ]]\n",
      "Inlier raio: 0.087415222306\n",
      "initial: \n",
      "[[ 0.94  0.33 -0.08 -0.62]\n",
      " [ 0.16 -0.63 -0.76  0.63]\n",
      " [-0.3   0.7  -0.65  2.55]\n",
      " [ 0.    0.    0.    1.  ]]\n",
      "Apply point-to-point ICP\n",
      "registration::RegistrationResult with fitness=9.081582e-01, inlier_rmse=6.347619e-02, and correspondence_set size of 10976\n",
      "Access transformation to get result.\n",
      "Transformation is:\n",
      "[[ 0.94437939  0.32874735 -0.00852884 -0.65174241]\n",
      " [ 0.15069417 -0.45565352 -0.87730901  0.72503703]\n",
      " [-0.29229922  0.8272273  -0.47985011  2.48379479]\n",
      " [ 0.          0.          0.          1.        ]]\n",
      "Total ICP Transformation is:\n",
      "[[ 0.94437939  0.32874735 -0.00852884 -0.65174241]\n",
      " [ 0.15069417 -0.45565352 -0.87730901  0.72503703]\n",
      " [-0.29229922  0.8272273  -0.47985011  2.48379479]\n",
      " [ 0.          0.          0.          1.        ]]\n",
      "result: \n",
      "[[ 0.94  0.33 -0.01 -0.65]\n",
      " [ 0.15 -0.46 -0.88  0.73]\n",
      " [-0.29  0.83 -0.48  2.48]\n",
      " [ 0.    0.    0.    1.  ]]\n",
      "Inlier raio: 0.0786888174348\n",
      "Found 6DoF pose of dining table_1\n"
     ]
    }
   ],
   "source": [
    "# for dining table\n",
    "micp.set_ICP_thres(thres_ICP=0.6, thres_front_ICP=0.18)\n",
    "micp.set_pcd_ratio(ratio=0.5)\n",
    "micp.set_inlier_ratio(ratio=0.02)\n",
    "# micp.set_multiobject_num(num = 1)\n",
    "micp.set_merge_mask(merge=True)\n",
    "pose_dict = micp.detect(name_mask=[\"dining table\"], visualize=True)"
   ]
  },
  {
   "cell_type": "code",
   "execution_count": 88,
   "metadata": {},
   "outputs": [],
   "source": [
    "# add table\n",
    "center, rpy = pose_refine(\"dining table\", pose_dict[\"dining table_1\"])\n",
    "table_vis, table_g = add_table(gscene, TABLE_NAME, center, rpy)"
   ]
  },
  {
   "cell_type": "code",
   "execution_count": 23,
   "metadata": {},
   "outputs": [],
   "source": [
    "# table_g = gscene.create_safe(GEOTYPE.BOX, TABLE_NAME, link_name=\"base_link\", dims=TABLE_DIM,\n",
    "#                              center=TABLE_LOC, rpy=TABLE_RPY,\n",
    "#                              fixed=True, collision=True, color=(0.8,0.8,0.8,1))\n",
    "table_b = pscene.create_binder(TABLE_NAME, TABLE_NAME, PlaceFrame, point=(0,0,TABLE_DIM[2]/2), key=TOOL_SLIDE_KEY)\n",
    "gscene.add_virtual_guardrail(table_g, HEIGHT=0.01, axis=\"xy\")"
   ]
  },
  {
   "cell_type": "markdown",
   "metadata": {},
   "source": [
    "### update workspace"
   ]
  },
  {
   "cell_type": "code",
   "execution_count": 24,
   "metadata": {},
   "outputs": [],
   "source": [
    "Tbt = table_g.get_tf(HOME_POSE_DEFAULT)\n",
    "Tbm = gscene.get_tf(MOBILE_BASE, HOME_POSE_DEFAULT)\n",
    "Ttm = np.matmul(np.linalg.inv(Tbt), Tbm)\n",
    "\n",
    "Ymax = table_g.dims[1]/2\n",
    "Ymin = Ttm[1,3]-0.9\n",
    "Xmax = Ttm[0,3]+0.7\n",
    "Xmin = -table_g.dims[0]/2-0.3\n",
    "Xtc = np.mean([Xmax, Xmin])\n",
    "Ytc = np.mean([Ymax, Ymin])\n",
    "dX = Xmax - Xmin\n",
    "dY = Ymax - Ymin\n",
    "Xbc, Ybc, _, _ = np.matmul(Tbt, [Xtc, Ytc, 0, 1])\n",
    "Xmax, Xmin = Xbc + dX/2, Xbc - dX/2\n",
    "Ymax, Ymin = Ybc + dY/2, Ybc - dY/2\n",
    "\n",
    "gscene.set_workspace_boundary(\n",
    "    Xmin, Xmax, Ymin, Ymax, -CLEARANCE, WS_HEIGHT, thickness=WALL_THICKNESS, \n",
    "    RPY=Rot2rpy(Tbt[:3,:3]))"
   ]
  },
  {
   "cell_type": "code",
   "execution_count": 25,
   "metadata": {},
   "outputs": [
    {
     "data": {
      "text/plain": [
       "<pkg.geometry.geometry.GeometryItem at 0x7f40002e0050>"
      ]
     },
     "execution_count": 25,
     "metadata": {},
     "output_type": "execute_result"
    }
   ],
   "source": [
    "floor_ws = gscene.NAME_DICT[\"floor_ws\"]\n",
    "gscene.create_safe(GEOTYPE.BOX, \"obstacle_corner\", link_name=\"base_link\",\n",
    "                   dims = (0.5,0.5,1), \n",
    "                   center=(floor_ws.dims[0]/2-0.3, floor_ws.dims[1]/2-0.3, 0.5), \n",
    "                  display=True, collision=True, parent=\"floor_ws\",\n",
    "                  color=(1,1,0,0.2))"
   ]
  },
  {
   "cell_type": "code",
   "execution_count": null,
   "metadata": {},
   "outputs": [],
   "source": []
  },
  {
   "cell_type": "markdown",
   "metadata": {},
   "source": [
    "#### [SAVE DATA]"
   ]
  },
  {
   "cell_type": "code",
   "execution_count": 19,
   "metadata": {},
   "outputs": [],
   "source": [
    "if SAVE_DATA:\n",
    "    color, depth, Qcur = micp.get_image()\n",
    "    cam_pose = viewpoint.get_tf(Qcur)\n",
    "    dcam.ready_saving(*micp.get_camera_config())\n",
    "    dcam.save_scene(color, depth, cam_pose)"
   ]
  },
  {
   "cell_type": "code",
   "execution_count": null,
   "metadata": {},
   "outputs": [],
   "source": []
  },
  {
   "cell_type": "markdown",
   "metadata": {},
   "source": [
    "### Chair"
   ]
  },
  {
   "cell_type": "code",
   "execution_count": 20,
   "metadata": {
    "scrolled": true
   },
   "outputs": [
    {
     "name": "stdout",
     "output_type": "stream",
     "text": [
      "name_mask is ['chair']\n",
      "request 0 -> response 0\n",
      "==== Received color, depth image from remote camera ====\n",
      "Maximun num of object for detection : 5\n",
      "===== Detected : chair, 1 object(s) =====\n",
      "\n",
      "'chair' is not in gscene. Use manual input for initial guess\n",
      "\n",
      "Apply point-to-point ICP\n",
      "registration::RegistrationResult with fitness=1.000000e+00, inlier_rmse=5.718493e-02, and correspondence_set size of 40406\n",
      "Access transformation to get result.\n",
      "Transformation is:\n",
      "[[ 0.98134152 -0.19153712 -0.01680333 -0.20531098]\n",
      " [-0.12571385 -0.57305105 -0.80982004  0.35042464]\n",
      " [ 0.14548144  0.79682244 -0.58643765  1.92653218]\n",
      " [ 0.          0.          0.          1.        ]]\n",
      "Total ICP Transformation is:\n",
      "[[ 0.98134152 -0.19153712 -0.01680333 -0.20531098]\n",
      " [-0.12571385 -0.57305105 -0.80982004  0.35042464]\n",
      " [ 0.14548144  0.79682244 -0.58643765  1.92653218]\n",
      " [ 0.          0.          0.          1.        ]]\n",
      "Inlier raio: 0.142825300906\n",
      "initial: \n",
      "[[ 0.98 -0.19 -0.02 -0.21]\n",
      " [-0.13 -0.57 -0.81  0.35]\n",
      " [ 0.15  0.8  -0.59  1.93]\n",
      " [ 0.    0.    0.    1.  ]]\n",
      "Apply point-to-point ICP\n",
      "registration::RegistrationResult with fitness=9.384414e-01, inlier_rmse=2.053941e-02, and correspondence_set size of 13644\n",
      "Access transformation to get result.\n",
      "Transformation is:\n",
      "[[ 0.99390361 -0.04191252 -0.10197524 -0.15696522]\n",
      " [-0.10622268 -0.61180118 -0.78384694  0.32719878]\n",
      " [-0.02953557  0.78990039 -0.61252347  1.92370841]\n",
      " [ 0.          0.          0.          1.        ]]\n",
      "Total ICP Transformation is:\n",
      "[[ 0.99390361 -0.04191252 -0.10197524 -0.15696522]\n",
      " [-0.10622268 -0.61180118 -0.78384694  0.32719878]\n",
      " [-0.02953557  0.78990039 -0.61252347  1.92370841]\n",
      " [ 0.          0.          0.          1.        ]]\n",
      "result: \n",
      "[[ 0.99 -0.04 -0.1  -0.16]\n",
      " [-0.11 -0.61 -0.78  0.33]\n",
      " [-0.03  0.79 -0.61  1.92]\n",
      " [ 0.    0.    0.    1.  ]]\n",
      "Inlier raio: 0.115527396921\n",
      "Found 6DoF pose of chair_1\n",
      "Total 0 chair in the scene\n",
      "Add new chair in the scene\n",
      "name_mask is ['chair']\n",
      "request 0 -> response 0\n",
      "==== Received color, depth image from remote camera ====\n",
      "Maximun num of object for detection : 5\n",
      "===== Detected : chair, 3 object(s) =====\n",
      "\n",
      "'chair' is not in gscene. Use manual input for initial guess\n",
      "\n",
      "Apply point-to-point ICP\n",
      "registration::RegistrationResult with fitness=1.000000e+00, inlier_rmse=3.638880e-02, and correspondence_set size of 59901\n",
      "Access transformation to get result.\n",
      "Transformation is:\n",
      "[[ 0.98517231 -0.16730493 -0.03800749 -0.80222119]\n",
      " [-0.12872758 -0.57435746 -0.80841987  0.55578597]\n",
      " [ 0.11342275  0.80132548 -0.58737783  1.68369739]\n",
      " [ 0.          0.          0.          1.        ]]\n",
      "Total ICP Transformation is:\n",
      "[[ 0.98517231 -0.16730493 -0.03800749 -0.80222119]\n",
      " [-0.12872758 -0.57435746 -0.80841987  0.55578597]\n",
      " [ 0.11342275  0.80132548 -0.58737783  1.68369739]\n",
      " [ 0.          0.          0.          1.        ]]\n",
      "Inlier raio: 0.168723798707\n",
      "initial: \n",
      "[[ 0.99 -0.17 -0.04 -0.8 ]\n",
      " [-0.13 -0.57 -0.81  0.56]\n",
      " [ 0.11  0.8  -0.59  1.68]\n",
      " [ 0.    0.    0.    1.  ]]\n",
      "Apply point-to-point ICP\n",
      "registration::RegistrationResult with fitness=1.000000e+00, inlier_rmse=1.470590e-02, and correspondence_set size of 23993\n",
      "Access transformation to get result.\n",
      "Transformation is:\n",
      "[[ 0.98450978 -0.17145892 -0.03663794 -0.80885266]\n",
      " [-0.13143843 -0.5834604  -0.80143488  0.55387892]\n",
      " [ 0.11603638  0.79383611 -0.59695875  1.68945762]\n",
      " [ 0.          0.          0.          1.        ]]\n",
      "Total ICP Transformation is:\n",
      "[[ 0.98450978 -0.17145892 -0.03663794 -0.80885266]\n",
      " [-0.13143843 -0.5834604  -0.80143488  0.55387892]\n",
      " [ 0.11603638  0.79383611 -0.59695875  1.68945762]\n",
      " [ 0.          0.          0.          1.        ]]\n",
      "result: \n",
      "[[ 0.98 -0.17 -0.04 -0.81]\n",
      " [-0.13 -0.58 -0.8   0.55]\n",
      " [ 0.12  0.79 -0.6   1.69]\n",
      " [ 0.    0.    0.    1.  ]]\n",
      "Inlier raio: 0.108846263001\n",
      "Found 6DoF pose of chair_1\n",
      "\n",
      "'chair' is not in gscene. Use manual input for initial guess\n",
      "\n",
      "Apply point-to-point ICP\n",
      "registration::RegistrationResult with fitness=1.000000e+00, inlier_rmse=4.491521e-02, and correspondence_set size of 10952\n",
      "Access transformation to get result.\n",
      "Transformation is:\n",
      "[[ 0.81392531  0.57607579  0.07524798 -1.34145243]\n",
      " [ 0.44585941 -0.53633867 -0.71662416 -0.18513235]\n",
      " [-0.37247144  0.61682857 -0.69338843  2.79840066]\n",
      " [ 0.          0.          0.          1.        ]]\n",
      "Total ICP Transformation is:\n",
      "[[ 0.81392531  0.57607579  0.07524798 -1.34145243]\n",
      " [ 0.44585941 -0.53633867 -0.71662416 -0.18513235]\n",
      " [-0.37247144  0.61682857 -0.69338843  2.79840066]\n",
      " [ 0.          0.          0.          1.        ]]\n",
      "Inlier raio: 0.128946645923\n",
      "initial: \n",
      "[[ 0.81  0.58  0.08 -1.34]\n",
      " [ 0.45 -0.54 -0.72 -0.19]\n",
      " [-0.37  0.62 -0.69  2.8 ]\n",
      " [ 0.    0.    0.    1.  ]]\n",
      "Apply point-to-point ICP\n",
      "registration::RegistrationResult with fitness=9.494670e-01, inlier_rmse=2.975281e-02, and correspondence_set size of 4453\n",
      "Access transformation to get result.\n",
      "Transformation is:\n",
      "[[ 0.82290977  0.56734185  0.03070368 -1.33639998]\n",
      " [ 0.40249591 -0.54396019 -0.73627734 -0.18863927]\n",
      " [-0.40101939  0.61824793 -0.67598293  2.8085456 ]\n",
      " [ 0.          0.          0.          1.        ]]\n",
      "Total ICP Transformation is:\n",
      "[[ 0.82290977  0.56734185  0.03070368 -1.33639998]\n",
      " [ 0.40249591 -0.54396019 -0.73627734 -0.18863927]\n",
      " [-0.40101939  0.61824793 -0.67598293  2.8085456 ]\n",
      " [ 0.          0.          0.          1.        ]]\n",
      "result: \n",
      "[[ 0.82  0.57  0.03 -1.34]\n",
      " [ 0.4  -0.54 -0.74 -0.19]\n",
      " [-0.4   0.62 -0.68  2.81]\n",
      " [ 0.    0.    0.    1.  ]]\n",
      "Inlier raio: 0.106555880205\n",
      "Found 6DoF pose of chair_2\n",
      "\n",
      "'chair' is not in gscene. Use manual input for initial guess\n",
      "\n",
      "Apply point-to-point ICP\n",
      "registration::RegistrationResult with fitness=1.000000e+00, inlier_rmse=5.663686e-02, and correspondence_set size of 48140\n",
      "Access transformation to get result.\n",
      "Transformation is:\n",
      "[[ 0.89695672  0.43004688 -0.10260762  0.68966915]\n",
      " [ 0.1744428  -0.5574944  -0.81164628  0.36702155]\n",
      " [-0.40624913  0.71011242 -0.57506692  1.81004455]\n",
      " [ 0.          0.          0.          1.        ]]\n",
      "Total ICP Transformation is:\n",
      "[[ 0.89695672  0.43004688 -0.10260762  0.68966915]\n",
      " [ 0.1744428  -0.5574944  -0.81164628  0.36702155]\n",
      " [-0.40624913  0.71011242 -0.57506692  1.81004455]\n",
      " [ 0.          0.          0.          1.        ]]\n",
      "Inlier raio: 0.145041974898\n",
      "initial: \n",
      "[[ 0.9   0.43 -0.1   0.69]\n",
      " [ 0.17 -0.56 -0.81  0.37]\n",
      " [-0.41  0.71 -0.58  1.81]\n",
      " [ 0.    0.    0.    1.  ]]\n",
      "Apply point-to-point ICP\n",
      "registration::RegistrationResult with fitness=9.184948e-01, inlier_rmse=1.807303e-02, and correspondence_set size of 16036\n",
      "Access transformation to get result.\n",
      "Transformation is:\n",
      "[[ 0.90615324  0.41525082 -0.08033084  0.67325062]\n",
      " [ 0.20357554 -0.5946957  -0.77774931  0.3505512 ]\n",
      " [-0.37073346  0.68840667 -0.62342035  1.81019992]\n",
      " [ 0.          0.          0.          1.        ]]\n",
      "Total ICP Transformation is:\n",
      "[[ 0.90615324  0.41525082 -0.08033084  0.67325062]\n",
      " [ 0.20357554 -0.5946957  -0.77774931  0.3505512 ]\n",
      " [-0.37073346  0.68840667 -0.62342035  1.81019992]\n",
      " [ 0.          0.          0.          1.        ]]\n",
      "result: \n",
      "[[ 0.91  0.42 -0.08  0.67]\n",
      " [ 0.2  -0.59 -0.78  0.35]\n",
      " [-0.37  0.69 -0.62  1.81]\n",
      " [ 0.    0.    0.    1.  ]]\n",
      "Inlier raio: 0.104528458662\n",
      "Found 6DoF pose of chair_3\n",
      "Total 1 chair in the scene\n",
      "Update existing chair in the scene\n",
      "Add new chair in the scene\n",
      "Add new chair in the scene\n",
      "name_mask is ['chair']\n",
      "request 0 -> response 0\n",
      "==== Received color, depth image from remote camera ====\n",
      "Maximun num of object for detection : 5\n",
      "===== Detected : chair, 6 object(s) =====\n",
      "\n",
      "'chair' is not in gscene. Use manual input for initial guess\n",
      "\n",
      "Apply point-to-point ICP\n",
      "registration::RegistrationResult with fitness=1.000000e+00, inlier_rmse=8.047851e-02, and correspondence_set size of 8296\n",
      "Access transformation to get result.\n",
      "Transformation is:\n",
      "[[ 0.80295289 -0.38942397 -0.45123787 -0.9333682 ]\n",
      " [-0.56104702 -0.23821931 -0.79276591 -0.62385052]\n",
      " [ 0.20122848  0.88971934 -0.40976404  2.70030995]\n",
      " [ 0.          0.          0.          1.        ]]\n",
      "Total ICP Transformation is:\n",
      "[[ 0.80295289 -0.38942397 -0.45123787 -0.9333682 ]\n",
      " [-0.56104702 -0.23821931 -0.79276591 -0.62385052]\n",
      " [ 0.20122848  0.88971934 -0.40976404  2.70030995]\n",
      " [ 0.          0.          0.          1.        ]]\n",
      "Inlier raio: 0.0890444015444\n",
      "initial: \n",
      "[[ 0.8  -0.39 -0.45 -0.93]\n",
      " [-0.56 -0.24 -0.79 -0.62]\n",
      " [ 0.2   0.89 -0.41  2.7 ]\n",
      " [ 0.    0.    0.    1.  ]]\n",
      "Apply point-to-point ICP\n",
      "registration::RegistrationResult with fitness=8.054411e-01, inlier_rmse=3.853741e-02, and correspondence_set size of 977\n",
      "Access transformation to get result.\n",
      "Transformation is:\n",
      "[[ 0.89124204 -0.40294578 -0.20814013 -0.93314306]\n",
      " [-0.34379839 -0.3009436  -0.88951424 -0.6582701 ]\n",
      " [ 0.29578758  0.86433073 -0.4067457   2.68229038]\n",
      " [ 0.          0.          0.          1.        ]]\n",
      "Total ICP Transformation is:\n",
      "[[ 0.89124204 -0.40294578 -0.20814013 -0.93314306]\n",
      " [-0.34379839 -0.3009436  -0.88951424 -0.6582701 ]\n",
      " [ 0.29578758  0.86433073 -0.4067457   2.68229038]\n",
      " [ 0.          0.          0.          1.        ]]\n",
      "result: \n",
      "[[ 0.89 -0.4  -0.21 -0.93]\n",
      " [-0.34 -0.3  -0.89 -0.66]\n",
      " [ 0.3   0.86 -0.41  2.68]\n",
      " [ 0.    0.    0.    1.  ]]\n"
     ]
    },
    {
     "name": "stdout",
     "output_type": "stream",
     "text": [
      "Inlier raio: 0.0267598842816\n",
      "\n",
      "'chair' is not in gscene. Use manual input for initial guess\n",
      "\n",
      "Apply point-to-point ICP\n",
      "registration::RegistrationResult with fitness=1.000000e+00, inlier_rmse=3.725326e-02, and correspondence_set size of 10667\n",
      "Access transformation to get result.\n",
      "Transformation is:\n",
      "[[ 0.89829703 -0.43824638 -0.03166305  0.18298016]\n",
      " [-0.32440383 -0.61289187 -0.72050377 -0.45116063]\n",
      " [ 0.29635216  0.65749801 -0.69272775  3.01398422]\n",
      " [ 0.          0.          0.          1.        ]]\n",
      "Total ICP Transformation is:\n",
      "[[ 0.89829703 -0.43824638 -0.03166305  0.18298016]\n",
      " [-0.32440383 -0.61289187 -0.72050377 -0.45116063]\n",
      " [ 0.29635216  0.65749801 -0.69272775  3.01398422]\n",
      " [ 0.          0.          0.          1.        ]]\n",
      "Inlier raio: 0.185282522996\n",
      "initial: \n",
      "[[ 0.9  -0.44 -0.03  0.18]\n",
      " [-0.32 -0.61 -0.72 -0.45]\n",
      " [ 0.3   0.66 -0.69  3.01]\n",
      " [ 0.    0.    0.    1.  ]]\n",
      "Apply point-to-point ICP\n",
      "registration::RegistrationResult with fitness=9.674940e-01, inlier_rmse=2.552527e-02, and correspondence_set size of 4405\n",
      "Access transformation to get result.\n",
      "Transformation is:\n",
      "[[ 0.887187   -0.45891971 -0.04787395  0.1869429 ]\n",
      " [-0.34920396 -0.59999892 -0.71976236 -0.45655785]\n",
      " [ 0.30158883  0.65528158 -0.69256783  3.02540003]\n",
      " [ 0.          0.          0.          1.        ]]\n",
      "Total ICP Transformation is:\n",
      "[[ 0.887187   -0.45891971 -0.04787395  0.1869429 ]\n",
      " [-0.34920396 -0.59999892 -0.71976236 -0.45655785]\n",
      " [ 0.30158883  0.65528158 -0.69256783  3.02540003]\n",
      " [ 0.          0.          0.          1.        ]]\n",
      "result: \n",
      "[[ 0.89 -0.46 -0.05  0.19]\n",
      " [-0.35 -0.6  -0.72 -0.46]\n",
      " [ 0.3   0.66 -0.69  3.03]\n",
      " [ 0.    0.    0.    1.  ]]\n",
      "Inlier raio: 0.136495734508\n",
      "Found 6DoF pose of chair_2\n",
      "\n",
      "'chair' is not in gscene. Use manual input for initial guess\n",
      "\n",
      "Apply point-to-point ICP\n",
      "registration::RegistrationResult with fitness=1.000000e+00, inlier_rmse=2.630761e-02, and correspondence_set size of 26735\n",
      "Access transformation to get result.\n",
      "Transformation is:\n",
      "[[ 0.80164521 -0.59097382 -0.09008263  0.76106   ]\n",
      " [-0.42666629 -0.4600757  -0.77864382 -0.00897831]\n",
      " [ 0.4187133   0.66263131 -0.62096609  2.30866965]\n",
      " [ 0.          0.          0.          1.        ]]\n",
      "Total ICP Transformation is:\n",
      "[[ 0.80164521 -0.59097382 -0.09008263  0.76106   ]\n",
      " [-0.42666629 -0.4600757  -0.77864382 -0.00897831]\n",
      " [ 0.4187133   0.66263131 -0.62096609  2.30866965]\n",
      " [ 0.          0.          0.          1.        ]]\n",
      "Inlier raio: 0.247062785303\n",
      "initial: \n",
      "[[ 0.8  -0.59 -0.09  0.76]\n",
      " [-0.43 -0.46 -0.78 -0.01]\n",
      " [ 0.42  0.66 -0.62  2.31]\n",
      " [ 0.    0.    0.    1.  ]]\n",
      "Apply point-to-point ICP\n",
      "registration::RegistrationResult with fitness=1.000000e+00, inlier_rmse=1.393934e-02, and correspondence_set size of 11329\n",
      "Access transformation to get result.\n",
      "Transformation is:\n",
      "[[ 0.8152144  -0.57384248 -0.07829607  0.76196398]\n",
      " [-0.4066528  -0.47088306 -0.78288097 -0.00973156]\n",
      " [ 0.41238208  0.67005516 -0.6172253   2.31396645]\n",
      " [ 0.          0.          0.          1.        ]]\n",
      "Total ICP Transformation is:\n",
      "[[ 0.8152144  -0.57384248 -0.07829607  0.76196398]\n",
      " [-0.4066528  -0.47088306 -0.78288097 -0.00973156]\n",
      " [ 0.41238208  0.67005516 -0.6172253   2.31396645]\n",
      " [ 0.          0.          0.          1.        ]]\n",
      "result: \n",
      "[[ 0.82 -0.57 -0.08  0.76]\n",
      " [-0.41 -0.47 -0.78 -0.01]\n",
      " [ 0.41  0.67 -0.62  2.31]\n",
      " [ 0.    0.    0.    1.  ]]\n",
      "Inlier raio: 0.173405648027\n",
      "Found 6DoF pose of chair_3\n",
      "\n",
      "'chair' is not in gscene. Use manual input for initial guess\n",
      "\n",
      "Apply point-to-point ICP\n",
      "registration::RegistrationResult with fitness=9.872774e-01, inlier_rmse=1.630578e-01, and correspondence_set size of 388\n",
      "Access transformation to get result.\n",
      "Transformation is:\n",
      "[[ 0.92554555 -0.04416551 -0.37605163 -0.40643008]\n",
      " [-0.37858482 -0.12431764 -0.91717972 -0.53887827]\n",
      " [-0.00624214  0.99125905 -0.13178203  3.18282536]\n",
      " [ 0.          0.          0.          1.        ]]\n",
      "Total ICP Transformation is:\n",
      "[[ 0.92554555 -0.04416551 -0.37605163 -0.40643008]\n",
      " [-0.37858482 -0.12431764 -0.91717972 -0.53887827]\n",
      " [-0.00624214  0.99125905 -0.13178203  3.18282536]\n",
      " [ 0.          0.          0.          1.        ]]\n",
      "Inlier raio: 0.120879120879\n",
      "initial: \n",
      "[[ 0.93 -0.04 -0.38 -0.41]\n",
      " [-0.38 -0.12 -0.92 -0.54]\n",
      " [-0.01  0.99 -0.13  3.18]\n",
      " [ 0.    0.    0.    1.  ]]\n",
      "Apply point-to-point ICP\n",
      "registration::RegistrationResult with fitness=3.253012e-01, inlier_rmse=3.898030e-02, and correspondence_set size of 27\n",
      "Access transformation to get result.\n",
      "Transformation is:\n",
      "[[-0.15830402  0.9487542  -0.27350551 -0.30803907]\n",
      " [-0.417957   -0.3153455  -0.85197954 -0.5754499 ]\n",
      " [-0.89456793 -0.02055824  0.44645892  2.86858248]\n",
      " [ 0.          0.          0.          1.        ]]\n",
      "Total ICP Transformation is:\n",
      "[[-0.15830402  0.9487542  -0.27350551 -0.30803907]\n",
      " [-0.417957   -0.3153455  -0.85197954 -0.5754499 ]\n",
      " [-0.89456793 -0.02055824  0.44645892  2.86858248]\n",
      " [ 0.          0.          0.          1.        ]]\n",
      "result: \n",
      "[[-0.16  0.95 -0.27 -0.31]\n",
      " [-0.42 -0.32 -0.85 -0.58]\n",
      " [-0.89 -0.02  0.45  2.87]\n",
      " [ 0.    0.    0.    1.  ]]\n",
      "Inlier raio: 0.0356234096692\n",
      "\n",
      "'chair' is not in gscene. Use manual input for initial guess\n",
      "\n",
      "Apply point-to-point ICP\n",
      "registration::RegistrationResult with fitness=1.000000e+00, inlier_rmse=3.708364e-02, and correspondence_set size of 46484\n",
      "Access transformation to get result.\n",
      "Transformation is:\n",
      "[[ 0.95584525  0.28738847 -0.06138172 -0.02397903]\n",
      " [ 0.13243653 -0.60772259 -0.7830286   0.37409521]\n",
      " [-0.26233646  0.74032499 -0.61894948  1.86004117]\n",
      " [ 0.          0.          0.          1.        ]]\n",
      "Total ICP Transformation is:\n",
      "[[ 0.95584525  0.28738847 -0.06138172 -0.02397903]\n",
      " [ 0.13243653 -0.60772259 -0.7830286   0.37409521]\n",
      " [-0.26233646  0.74032499 -0.61894948  1.86004117]\n",
      " [ 0.          0.          0.          1.        ]]\n",
      "Inlier raio: 0.175997072814\n",
      "initial: \n",
      "[[ 0.96  0.29 -0.06 -0.02]\n",
      " [ 0.13 -0.61 -0.78  0.37]\n",
      " [-0.26  0.74 -0.62  1.86]\n",
      " [ 0.    0.    0.    1.  ]]\n",
      "Apply point-to-point ICP\n",
      "registration::RegistrationResult with fitness=1.000000e+00, inlier_rmse=1.374123e-02, and correspondence_set size of 18772\n",
      "Access transformation to get result.\n",
      "Transformation is:\n",
      "[[ 0.94203927  0.32942529 -0.06356883 -0.02370948]\n",
      " [ 0.15914574 -0.60556238 -0.77972226  0.35923471]\n",
      " [-0.29535513  0.72441228 -0.62289017  1.86802714]\n",
      " [ 0.          0.          0.          1.        ]]\n",
      "Total ICP Transformation is:\n",
      "[[ 0.94203927  0.32942529 -0.06356883 -0.02370948]\n",
      " [ 0.15914574 -0.60556238 -0.77972226  0.35923471]\n",
      " [-0.29535513  0.72441228 -0.62289017  1.86802714]\n",
      " [ 0.          0.          0.          1.        ]]\n",
      "result: \n",
      "[[ 0.94  0.33 -0.06 -0.02]\n",
      " [ 0.16 -0.61 -0.78  0.36]\n",
      " [-0.3   0.72 -0.62  1.87]\n",
      " [ 0.    0.    0.    1.  ]]\n",
      "Inlier raio: 0.139940624731\n",
      "Found 6DoF pose of chair_5\n",
      "Total 3 chair in the scene\n",
      "Update existing chair in the scene\n",
      "Update existing chair in the scene\n",
      "Add new chair in the scene\n"
     ]
    }
   ],
   "source": [
    "panda_arm1 = crob.robot_dict[\"panda_arm1\"]\n",
    "img_list = []\n",
    "for theta0 in [-30, 0, 30]:\n",
    "    VIEW_LOC = crob.get_real_robot_pose()[:6]\n",
    "#     VIEW_ARM = HOME_POSE_DEFAULT[6:] + np.deg2rad([theta0,-45,0,-70,0,70,-45])\n",
    "    VIEW_ARM = HOME_POSE_DEFAULT[6:] + np.deg2rad([theta0,-55,0,-65,0,45,-45])\n",
    "    VIEW_CHAIR = list(VIEW_LOC) + list(VIEW_ARM)\n",
    "    \n",
    "    crob.joint_move_make_sure(np.array(VIEW_CHAIR), ref_speed=np.pi/8)\n",
    "    \n",
    "    # for chair\n",
    "    micp.set_ICP_thres(thres_ICP=0.3, thres_front_ICP=0.08)\n",
    "    micp.set_pcd_ratio(ratio=1)\n",
