{
 "cells": [
  {
   "cell_type": "markdown",
   "metadata": {},
   "source": [
    "# Experiment Process\n",
    "## Prepare HW\n",
    "1. Switch supply power to mobile robot system\n",
    "2. Turn on panda controller and mobile computer on the mobile system\n",
    "3. Connect to Mobile WiFi (RNB-MOBILE, PW: robot!!!1)\n",
    "4. Connect to Franka Desk (192.168.17.3) and unlock panda joints, make sure blue LED is on.\n",
    "\n",
    "## Prepare Mobile Panda\n",
    "1. Connect to mobile computer with AnyDesk (349 336 873)\n",
    "    - Proceed this section in connected mobile computer.\n",
    "2. Prepare SteamVR\n",
    "    - Make sure Each Vive Base Station have unique ID (should be set in advance in Windows SteamVR)\n",
    "    - Make sure Vive Base Stations are placed properly (facing each other)\n",
    "    - Turn on vrmonitor\n",
    "    - Connect Vive Tracker (Menu-Devices-Pair Controller)\n",
    "    - Make sure All Base Station and Tracker icons are active\n",
    "3. Start camera server\n",
    "```bash\n",
    "cd ~/Projects/grpc_cam/\n",
    "python3 cam_grpc_server.py\n",
    "```\n",
    "    - If any error is raised, disconnect and reconnect camera \n",
    "4. Start panda control program\n",
    "```bash\n",
    "roslaunch panda_control joint_control_rnb.launch robot_ip:=192.168.17.3 load_gripper:=false\n",
    "```\n",
    "5. Start mobile robot server\n",
    "```bash\n",
    "~/run_mobile_server.sh\n",
    "```\n",
    "\n",
    "\n",
    "## Proceed Experiment\n",
    "* Place table, chair, clocks and target markers and run scripts below\n",
    "\n",
    "\n",
    "## Trouble shooting\n",
    "* Panda stop: panda controller can stop due to excessive  torque or network loss\n",
    "    - push and turn panda activation button to reset state, and restart panda control program"
   ]
  },
  {
   "cell_type": "code",
   "execution_count": null,
   "metadata": {},
   "outputs": [],
   "source": []
  },
  {
   "cell_type": "code",
   "execution_count": 1,
   "metadata": {},
   "outputs": [
    {
     "name": "stdout",
     "output_type": "stream",
     "text": [
      "Mobile IP: 192.168.17.2\n",
      "ROBOT  IP: 192.168.17.2\n",
      "PANDA  IP: 192.168.17.3\n"
     ]
    }
   ],
   "source": [
    "import os\n",
    "import sys\n",
    "sys.path.append(os.path.join(os.path.join(\n",
    "    os.environ[\"RNB_PLANNING_DIR\"], 'src')))\n",
    "sys.path.append(os.path.join(\n",
    "    os.environ[\"RNB_PLANNING_DIR\"], 'src/scripts/demo_202107'))\n",
    "\n",
    "CONNECT_MOBILE = True\n",
    "CONNECT_ROBOT = True\n",
    "SAVE_DATA = False\n",
    "\n",
    "MOBILE_IP = \"192.168.17.2\"\n",
    "ROBOT_IP = \"192.168.17.2\"\n",
    "PANDA_IP = \"192.168.17.3\"\n",
    "\n",
    "print(\"Mobile IP: {}\".format(MOBILE_IP))\n",
    "print(\"ROBOT  IP: {}\".format(ROBOT_IP))\n",
    "print(\"PANDA  IP: {}\".format(PANDA_IP))\n",
    "\n",
    "sys.path.append(os.path.join(\n",
    "    os.environ[\"RNB_PLANNING_DIR\"], 'src/scripts/developing/multiobject'))\n",
    "\n",
    "from concurrent import futures\n",
    "import logging\n",
    "import math\n",
    "import time\n",
    "import cv2\n",
    "import numpy as np\n",
    "import grpc\n",
    "import RemoteCam_pb2\n",
    "import RemoteCam_pb2_grpc\n",
    "\n",
    "MAX_MESSAGE_LENGTH = 10000000\n",
    "PORT_CAM = 10509"
   ]
  },
  {
   "cell_type": "code",
   "execution_count": 2,
   "metadata": {},
   "outputs": [
    {
     "name": "stdout",
     "output_type": "stream",
     "text": [
      "connection command:\n",
      "pmb0: True\n",
      "panda_arm1: True\n"
     ]
    }
   ],
   "source": [
    "ROBOT_BASE_OFFSET = (-0.28+0.008,0,0.592)\n",
    "ROBOT_BASE_RPY = (0,0,0)\n",
    "TOOL_NAME = \"brush_face\"\n",
    "WALL_THICKNESS = 0.01\n",
    "CLEARANCE = 0.001\n",
    "WS_HEIGHT = 1.7\n",
    "COL_COLOR = (1,1,1,0.2)\n",
    "    \n",
    "LOG_FORCE = False\n",
    "\n",
    "from pkg.controller.combined_robot import *\n",
    "from pkg.project_config import *\n",
    "\n",
    "kiro_udp_client.KIRO_UDP_OFFLINE_DEBUG = not CONNECT_MOBILE\n",
    "\n",
    "mobile_config = RobotConfig(0, RobotType.pmb, ((0,0,0), (0,0,0)), MOBILE_IP)\n",
    "robot_config = RobotConfig(1, RobotType.panda_arm, \n",
    "                           (ROBOT_BASE_OFFSET, ROBOT_BASE_RPY),\n",
    "                           \"{}/{}\".format(ROBOT_IP, PANDA_IP), root_on=\"pmb0_platform\")\n",
    "\n",
    "ROBOT_TYPE = robot_config.type\n",
    "MOBILE_NAME = mobile_config.get_indexed_name()\n",
    "ROBOT_NAME = robot_config.get_indexed_name()\n",
    "crob = CombinedRobot(robots_on_scene=[mobile_config, robot_config],\n",
    "                     connection_list=[CONNECT_MOBILE, CONNECT_ROBOT])"
   ]
  },
  {
   "cell_type": "code",
   "execution_count": null,
   "metadata": {},
   "outputs": [],
   "source": []
  },
  {
   "cell_type": "markdown",
   "metadata": {},
   "source": [
    "### Make scene"
   ]
  },
  {
   "cell_type": "code",
   "execution_count": 3,
   "metadata": {
    "scrolled": true
   },
   "outputs": [
    {
     "name": "stdout",
     "output_type": "stream",
     "text": [
      "Unable to register with master node [http://localhost:11311]: master may not be running yet. Will keep trying.\n",
      "Please create a subscriber to the marker\n",
      "publication OK\n",
      "published: [0, 0, 0, 0, 0, 0, 0, 0, 0, 0, 0, 0, 0]\n",
      "Please create a subscriber to the marker\n"
     ]
    }
   ],
   "source": [
    "from pkg.geometry.builder.scene_builder import SceneBuilder\n",
    "from pkg.planning.scene import PlanningScene\n",
    "\n",
    "s_builder = SceneBuilder(None)\n",
    "gscene = s_builder.create_gscene(crob)\n",
    "gtems = s_builder.add_robot_geometries(\n",
    "    color=COL_COLOR, display=True, collision=True)\n",
    "\n",
    "gscene.set_workspace_boundary(\n",
    "    -1, 4, -2.5, 2.5, -CLEARANCE, WS_HEIGHT, thickness=WALL_THICKNESS)\n",
    "\n",
    "HOME_POSE_DEFAULT = np.copy(crob.home_pose)\n",
    "gscene.show_pose(crob.home_pose)\n",
    "crob.simulator.gscene=gscene"
   ]
  },
  {
   "cell_type": "code",
   "execution_count": null,
   "metadata": {},
   "outputs": [],
   "source": []
  },
  {
   "cell_type": "markdown",
   "metadata": {},
   "source": [
    "### Planning scene"
   ]
  },
  {
   "cell_type": "code",
   "execution_count": 4,
   "metadata": {},
   "outputs": [],
   "source": [
    "from pkg.geometry.geometry import *\n",
    "from pkg.utils.code_scraps import *\n",
    "from pkg.planning.constraint.constraint_subject import *\n",
    "from pkg.planning.constraint.constraint_actor import *\n",
    "from exp_config import *\n",
    "\n",
    "pscene = PlanningScene(gscene, combined_robot=crob)"
   ]
  },
  {
   "cell_type": "code",
   "execution_count": 5,
   "metadata": {},
   "outputs": [],
   "source": [
    "ROBOT_BASE = pscene.robot_chain_dict[ROBOT_NAME]['link_names'][0]\n",
    "TIP_LINK = pscene.robot_chain_dict[ROBOT_NAME][\"tip_link\"]\n",
    "MOBILE_BASE = pscene.robot_chain_dict[MOBILE_NAME][\"tip_link\"]\n",
    "HOLD_LINK = MOBILE_BASE\n",
    "BRUSH_NAME = \"brush_face\"\n",
    "theta = -np.pi*3/4\n",
    "viewpoint  = add_panda_cam(gscene, tool_link=TIP_LINK, theta=theta)\n",
    "brush_face = add_panda_brush(gscene, tool_link=TIP_LINK, theta=theta, brush_name=BRUSH_NAME)\n",
    "\n",
    "point_brush, rpy_brush = (0,0,-brush_face.dims[2]/2), (0,0,0)\n",
    "brush_b = pscene.create_binder(BRUSH_NAME, BRUSH_NAME, WayFramer, point=point_brush, rpy=rpy_brush)\n",
    "gscene.show_pose(HOME_POSE_DEFAULT)\n",
    "\n",
    "MOBILE_PUSH_NAME = \"mpush\"\n",
    "MOBILE_PUSH_HEIGHT = 0.4\n",
    "MOBILE_PUSH_KEY = 1\n",
    "MOBILE_SLIDE_KEY = 2\n",
    "front_dist = 0.03\n",
    "mpush_g = gscene.create_safe(GEOTYPE.SPHERE, MOBILE_PUSH_NAME, link_name=HOLD_LINK,dims=(0.01,0.01,0.01),\n",
    "                           center=(front_dist, 0, MOBILE_PUSH_HEIGHT), rpy=(0,np.pi/2,0),\n",
    "                           fixed=True, collision=False, color=(1,0,0,0.5))\n",
    "mpush_b = pscene.create_binder(MOBILE_PUSH_NAME, MOBILE_PUSH_NAME, FramedTool, point=(0,0,0), rpy=(0,0,0), key=MOBILE_PUSH_KEY)\n",
    "\n",
    "floor_b = pscene.create_binder(\"floor_ws\", \"floor_ws\", PlaceFrame, point=(0,0,WALL_THICKNESS/2), key=MOBILE_SLIDE_KEY)\n",
    "\n",
    "TOOL_PUSH_NAME = \"tpush\"\n",
    "TOOL_PUSH_HEIGHT = 0.03\n",
    "TOOL_PUSH_KEY = 10\n",
    "TOOL_SLIDE_KEY = 11\n",
    "brush_col = gscene.NAME_DICT[BRUSH_NAME+\"_col\"]\n",
    "TOOL_DIM = brush_col.dims\n",
    "\n",
    "center_push, rpy_push = (TOOL_DIM[0]/2+CLEARANCE, 0, 0), (0,np.pi/2,0)    \n",
    "tpush_g = gscene.create_safe(GEOTYPE.SPHERE, TOOL_PUSH_NAME, link_name=TIP_LINK,dims=(0.01,0.01,0.01),\n",
    "                           center=center_push, rpy=rpy_push,\n",
    "                           fixed=True, collision=False, color=(1,0,0,0.5), parent=BRUSH_NAME)\n",
    "tpush_b = pscene.create_binder(TOOL_PUSH_NAME, TOOL_PUSH_NAME, FramedTool, point=(0,0,0), rpy=(0,0,0), key=TOOL_PUSH_KEY)"
   ]
  },
  {
   "cell_type": "code",
   "execution_count": null,
   "metadata": {},
   "outputs": [],
   "source": []
  },
  {
   "cell_type": "markdown",
   "metadata": {},
   "source": [
    "### MultiICP Detector"
   ]
  },
  {
   "cell_type": "code",
   "execution_count": 6,
   "metadata": {},
   "outputs": [],
   "source": [
    "from pkg.detector.multiICP.multiICP import MultiICP, MultiICP_Obj\n",
    "from pkg.detector.multiICP.config import *\n",
    "from pkg.detector.camera.realsense import RealSense\n",
    "from pkg.detector.detector_interface import DetectionLevel\n",
    "\n",
    "import open3d as o3d\n",
    "import numpy as np\n",
    "\n",
    "CONNECT_CAM = False\n",
    "REMOTE_CAM = True\n",
    "\n",
    "CARRIER_DIM = (0.4, 0.29, 0.635)\n",
    "CLOCK_DIM = (0.138, 0.05, 0.078)"
   ]
  },
  {
   "cell_type": "code",
   "execution_count": 7,
   "metadata": {},
   "outputs": [
    {
     "name": "stdout",
     "output_type": "stream",
     "text": [
      "Camera is not set - skip initialization, use remote camera\n",
      "request 0 -> response 0\n",
      "==== Received camera config from remote camera ====\n"
     ]
    }
   ],
   "source": [
    "from demo_utils.data_reconstructed_camera import DataRecontructedCamera\n",
    "dcam = DataRecontructedCamera(crob, viewpoint)\n",
    "# if not CONNECT_CAM and not REMOTE_CAM:\n",
    "#     dcam.initialize()\n",
    "\n",
    "if CONNECT_CAM:\n",
    "    realsense = RealSense()\n",
    "    micp = MultiICP(realsense)\n",
    "    micp.initialize()\n",
    "else:\n",
    "    if REMOTE_CAM:\n",
    "        # use remote camera\n",
    "        micp = MultiICP(None)\n",
    "        micp.initialize(remote_cam=REMOTE_CAM)\n",
    "#         dcam.ready_saving(*micp.get_camera_config())\n",
    "#         cam_pose = viewpoint.get_tf(VIEW_POSE_EXT)\n",
    "    else:\n",
    "        # use manually given camera configs\n",
    "        micp = MultiICP(None)\n",
    "        config_list, img_dim = load_pickle(RNB_PLANNING_DIR+\"release/multiICP_data/cam_configs.pkl\")\n",
    "        micp.initialize(config_list, img_dim)\n",
    "#         micp = MultiICP(dcam)\n",
    "#         micp.initialize()"
   ]
  },
  {
   "cell_type": "markdown",
   "metadata": {},
   "source": [
    "### Shared Detector"
   ]
  },
  {
   "cell_type": "code",
   "execution_count": 8,
   "metadata": {},
   "outputs": [],
   "source": [
    "from pkg.utils.shared_function import clear_channels_on, sa\n",
    "clear_channels_on(\"SharedDetector\")\n",
    "\n",
    "from pkg.detector.multiICP.shared_detector import SharedDetectorGen\n",
    "sd = SharedDetectorGen(tuple(reversed(micp.dsize))+(3,))()\n",
    "sd.init()"
   ]
  },
  {
   "cell_type": "code",
   "execution_count": null,
   "metadata": {},
   "outputs": [],
   "source": []
  },
  {
   "cell_type": "markdown",
   "metadata": {},
   "source": [
    "### Set ICP Config"
   ]
  },
  {
   "cell_type": "code",
   "execution_count": 9,
   "metadata": {},
   "outputs": [],
   "source": [
    "# Load config file of object information\n",
    "obj_info_dict = get_obj_info()"
   ]
  },
  {
   "cell_type": "code",
   "execution_count": 10,
   "metadata": {},
   "outputs": [],
   "source": [
    "micp_suitcase = MultiICP_Obj(obj_info_dict[\"suitcase\"], None,\n",
    "                        OffsetOnModelCoord(\"suitcase\", R=np.matmul(Rot_axis(1, 2*np.pi/3), Rot_axis(3, np.pi/2)), offset=(0.,0.,0.2)))\n",
    "\n",
    "\n",
    "micp_clock = MultiICP_Obj(obj_info_dict[\"clock\"], None,\n",
    "                        OffsetOnModelCoord(\"clock\", R=Rot_axis(1, np.pi/4), offset=(-0.04,-0.03,0.04)))\n",
    "\n",
    "\n",
    "micp_table = MultiICP_Obj(obj_info_dict[\"dining table\"], None,\n",
    "                        OffsetOnModelCoord(\"dining table\", R=Rot_axis(1, 3*np.pi/4), offset=(0.,0.35,0.6)))\n",
    "\n",
    "micp_chair = MultiICP_Obj(obj_info_dict[\"chair\"], None,\n",
    "                        OffsetOnModelCoord(\"chair\", R=Rot_axis(1, 3*np.pi/4), offset=(0.1, 0.1,0.)))"
   ]
  },
  {
   "cell_type": "code",
   "execution_count": 11,
   "metadata": {},
   "outputs": [],
   "source": [
    "micp_dict = {\"suitcase\": micp_suitcase, \"clock\": micp_clock,\n",
    "             \"dining table\": micp_table, \"chair\": micp_chair}\n",
    "micp.set_config(micp_dict, sd, crob, viewpoint)"
   ]
  },
  {
   "cell_type": "code",
   "execution_count": null,
   "metadata": {},
   "outputs": [],
   "source": []
  },
  {
   "cell_type": "markdown",
   "metadata": {},
   "source": [
    "## Table"
   ]
  },
  {
   "cell_type": "code",
   "execution_count": 12,
   "metadata": {},
   "outputs": [],
   "source": [
    "VIEW_LOC = crob.get_real_robot_pose()[:6]\n",
    "VIEW_ARM = HOME_POSE_DEFAULT[6:] + np.deg2rad([0,0,0,0,0,45,-45])\n",
    "VIEW_TABLE = list(VIEW_LOC) + list(VIEW_ARM)\n",
    "crob.joint_move_make_sure(np.array(VIEW_TABLE), ref_speed=np.pi/8)"
   ]
  },
  {
   "cell_type": "code",
   "execution_count": 13,
   "metadata": {},
   "outputs": [],
   "source": [
    "TABLE_NAME = \"table\""
   ]
  },
  {
   "cell_type": "code",
   "execution_count": 14,
   "metadata": {
    "scrolled": true
   },
   "outputs": [
    {
     "name": "stdout",
     "output_type": "stream",
     "text": [
      "name_mask is ['dining table']\n",
      "request 0 -> response 0\n",
      "==== Received color, depth image from remote camera ====\n",
      "Maximun num of object for detection : 1\n",
      "===== Detected : dining table, 1 object(s) =====\n",
      "[NOTICE] You choose merge option for mask. Detected masks would be merged.\n",
      "\n",
      "'dining table' is not in gscene. Use manual input for initial guess\n",
      "\n",
      "Apply point-to-point ICP\n",
      "registration::RegistrationResult with fitness=1.000000e+00, inlier_rmse=1.599027e-01, and correspondence_set size of 4081\n",
      "Access transformation to get result.\n",
      "Transformation is:\n",
      "[[ 0.87651686  0.4728214  -0.09032228  0.37285039]\n",
      " [ 0.24464832 -0.59915729 -0.76233701  0.22626707]\n",
      " [-0.41456651  0.64610405 -0.64084642  3.56352842]\n",
      " [ 0.          0.          0.          1.        ]]\n",
      "Total ICP Transformation is:\n",
      "[[ 0.87651686  0.4728214  -0.09032228  0.37285039]\n",
      " [ 0.24464832 -0.59915729 -0.76233701  0.22626707]\n",
      " [-0.41456651  0.64610405 -0.64084642  3.56352842]\n",
      " [ 0.          0.          0.          1.        ]]\n",
      "Inlier ratio: 0.0922466734903\n",
      "initial: \n",
      "[[ 0.88  0.47 -0.09  0.37]\n",
      " [ 0.24 -0.6  -0.76  0.23]\n",
      " [-0.41  0.65 -0.64  3.56]\n",
      " [ 0.    0.    0.    1.  ]]\n",
      "Apply point-to-point ICP\n",
      "registration::RegistrationResult with fitness=8.230198e-01, inlier_rmse=7.715284e-02, and correspondence_set size of 1330\n",
      "Access transformation to get result.\n",
      "Transformation is:\n",
      "[[ 0.8680871   0.49624339 -0.01293358  0.28787891]\n",
      " [ 0.200435   -0.37422229 -0.90541894  0.34294541]\n",
      " [-0.45414821  0.78339016 -0.42432209  3.47933222]\n",
      " [ 0.          0.          0.          1.        ]]\n",
      "Total ICP Transformation is:\n",
      "[[ 0.8680871   0.49624339 -0.01293358  0.28787891]\n",
      " [ 0.200435   -0.37422229 -0.90541894  0.34294541]\n",
      " [-0.45414821  0.78339016 -0.42432209  3.47933222]\n",
      " [ 0.          0.          0.          1.        ]]\n",
      "result: \n",
      "[[ 0.87  0.5  -0.01  0.29]\n",
      " [ 0.2  -0.37 -0.91  0.34]\n",
      " [-0.45  0.78 -0.42  3.48]\n",
      " [ 0.    0.    0.    1.  ]]\n",
      "Inlier ratio: 0.0670178877726\n",
      "Found 6DoF pose of dining table_1\n"
     ]
    }
   ],
   "source": [
    "# for dining table\n",
    "micp.set_ICP_thres(thres_ICP=0.6, thres_front_ICP=0.18)\n",
    "micp.set_pcd_ratio(ratio=0.5)\n",
    "micp.set_inlier_ratio(ratio=0.02)\n",
    "# micp.set_multiobject_num(num = 1)\n",
    "micp.set_merge_mask(merge=True)\n",
    "pose_dict = micp.detect(name_mask=[\"dining table\"], visualize=True)"
   ]
  },
  {
   "cell_type": "code",
   "execution_count": 15,
   "metadata": {},
   "outputs": [],
   "source": [
    "# add table\n",
    "center, rpy = pose_refine(\"dining table\", pose_dict[\"dining table_1\"])\n",
    "table_vis, table_g = add_table(gscene, TABLE_NAME, center, rpy)\n",
    "TABLE_HEIGHT = table_g.center[2] + table_g.dims[2]/2"
   ]
  },
  {
   "cell_type": "code",
   "execution_count": 16,
   "metadata": {},
   "outputs": [],
   "source": [
    "table_b = pscene.create_binder(TABLE_NAME, TABLE_NAME, PlaceFrame, point=(0,0,table_g.dims[2]/2), key=TOOL_SLIDE_KEY)\n",
    "gscene.add_virtual_guardrail(table_g, HEIGHT=0.01, axis=\"xy\")"
   ]
  },
  {
   "cell_type": "markdown",
   "metadata": {},
   "source": [
    "### update workspace"
   ]
  },
  {
   "cell_type": "code",
   "execution_count": 17,
   "metadata": {},
   "outputs": [],
   "source": [
    "Tbt = table_g.get_tf(HOME_POSE_DEFAULT)\n",
    "Tbm = gscene.get_tf(MOBILE_BASE, HOME_POSE_DEFAULT)\n",
    "Ttm = np.matmul(np.linalg.inv(Tbt), Tbm)\n",
    "\n",
    "Ymax = table_g.dims[1]/2\n",
    "Ymin = Ttm[1,3]-0.9\n",
    "Xmax = Ttm[0,3]+0.7\n",
    "Xmin = -table_g.dims[0]/2-0.3\n",
    "Xtc = np.mean([Xmax, Xmin])\n",
    "Ytc = np.mean([Ymax, Ymin])\n",
    "dX = Xmax - Xmin\n",
    "dY = Ymax - Ymin\n",
    "Xbc, Ybc, _, _ = np.matmul(Tbt, [Xtc, Ytc, 0, 1])\n",
    "Xmax, Xmin = Xbc + dX/2, Xbc - dX/2\n",
    "Ymax, Ymin = Ybc + dY/2, Ybc - dY/2\n",
    "\n",
    "gscene.set_workspace_boundary(\n",
    "    Xmin, Xmax, Ymin, Ymax, -CLEARANCE, WS_HEIGHT, thickness=WALL_THICKNESS, \n",
    "    RPY=Rot2rpy(Tbt[:3,:3]))"
   ]
  },
  {
   "cell_type": "code",
   "execution_count": 18,
   "metadata": {},
   "outputs": [
    {
     "data": {
      "text/plain": [
       "<pkg.geometry.geometry.GeometryItem at 0x7f1c481375d0>"
      ]
     },
     "execution_count": 18,
     "metadata": {},
     "output_type": "execute_result"
    }
   ],
   "source": [
    "floor_ws = gscene.NAME_DICT[\"floor_ws\"]\n",
    "gscene.create_safe(GEOTYPE.BOX, \"obstacle_corner\", link_name=\"base_link\",\n",
    "                   dims = (0.5,0.5,1), \n",
    "                   center=(floor_ws.dims[0]/2-0.3, floor_ws.dims[1]/2-0.3, 0.5), \n",
    "                  display=True, collision=True, parent=\"floor_ws\",\n",
    "                  color=(1,1,0,0.2))"
   ]
  },
  {
   "cell_type": "code",
   "execution_count": null,
   "metadata": {},
   "outputs": [],
   "source": []
  },
  {
   "cell_type": "markdown",
   "metadata": {},
   "source": [
    "#### [SAVE DATA]"
   ]
  },
  {
   "cell_type": "code",
   "execution_count": 19,
   "metadata": {},
   "outputs": [],
   "source": [
    "if SAVE_DATA:\n",
    "    color, depth, Qcur = micp.get_image()\n",
    "    cam_pose = viewpoint.get_tf(Qcur)\n",
    "    dcam.ready_saving(*micp.get_camera_config())\n",
    "    dcam.save_scene(color, depth, cam_pose)"
   ]
  },
  {
   "cell_type": "code",
   "execution_count": null,
   "metadata": {},
   "outputs": [],
   "source": []
  },
  {
   "cell_type": "markdown",
   "metadata": {},
   "source": [
    "### Chair"
   ]
  },
  {
   "cell_type": "code",
   "execution_count": 20,
   "metadata": {},
   "outputs": [],
   "source": [
    "for i in range(10):\n",
    "    try:\n",
    "        gscene.remove(gscene.NAME_DICT[\"chair_{}\".format(i)])\n",
    "    except:\n",
    "        pass"
   ]
  },
  {
   "cell_type": "code",
   "execution_count": 21,
   "metadata": {
    "scrolled": true
   },
   "outputs": [
    {
     "name": "stdout",
     "output_type": "stream",
     "text": [
      "name_mask is ['chair']\n",
      "request 0 -> response 0\n",
      "==== Received color, depth image from remote camera ====\n",
      "Maximun num of object for detection : 5\n",
      "===== Detected : chair, 1 object(s) =====\n",
      "\n",
      "'chair' is not in gscene. Use manual input for initial guess\n",
      "\n",
      "Apply point-to-point ICP\n",
      "registration::RegistrationResult with fitness=1.000000e+00, inlier_rmse=3.117020e-02, and correspondence_set size of 30002\n",
      "Access transformation to get result.\n",
      "Transformation is:\n",
      "[[ 0.99595005  0.08319534  0.03408864 -0.3208391 ]\n",
      " [ 0.0774894  -0.60201389 -0.7947167   0.29821189]\n",
      " [-0.04559489  0.79413965 -0.60602252  2.12256294]\n",
      " [ 0.          0.          0.          1.        ]]\n",
      "Total ICP Transformation is:\n",
      "[[ 0.99595005  0.08319534  0.03408864 -0.3208391 ]\n",
      " [ 0.0774894  -0.60201389 -0.7947167   0.29821189]\n",
      " [-0.04559489  0.79413965 -0.60602252  2.12256294]\n",
      " [ 0.          0.          0.          1.        ]]\n",
      "Inlier ratio: 0.185258100037\n",
      "initial: \n",
      "[[ 1.    0.08  0.03 -0.32]\n",
      " [ 0.08 -0.6  -0.79  0.3 ]\n",
      " [-0.05  0.79 -0.61  2.12]\n",
      " [ 0.    0.    0.    1.  ]]\n",
      "Apply point-to-point ICP\n",
      "registration::RegistrationResult with fitness=1.000000e+00, inlier_rmse=1.745305e-02, and correspondence_set size of 12191\n",
      "Access transformation to get result.\n",
      "Transformation is:\n",
      "[[ 0.99719378  0.06949996  0.02782645 -0.32489142]\n",
      " [ 0.06433556 -0.60549431 -0.79324494  0.28868075]\n",
      " [-0.03828174  0.79280916 -0.60826648  2.12885037]\n",
      " [ 0.          0.          0.          1.        ]]\n",
      "Total ICP Transformation is:\n",
      "[[ 0.99719378  0.06949996  0.02782645 -0.32489142]\n",
      " [ 0.06433556 -0.60549431 -0.79324494  0.28868075]\n",
      " [-0.03828174  0.79280916 -0.60826648  2.12885037]\n",
      " [ 0.          0.          0.          1.        ]]\n",
      "result: \n",
      "[[ 1.    0.07  0.03 -0.32]\n",
      " [ 0.06 -0.61 -0.79  0.29]\n",
      " [-0.04  0.79 -0.61  2.13]\n",
      " [ 0.    0.    0.    1.  ]]\n",
      "Inlier ratio: 0.131757882808\n",
      "Found 6DoF pose of chair_1\n",
      "Total 0 chair in the scene\n",
      "Add new chair in the scene\n",
      "name_mask is ['chair']\n",
      "request 0 -> response 0\n",
      "==== Received color, depth image from remote camera ====\n",
      "Maximun num of object for detection : 5\n",
      "===== Detected : chair, 5 object(s) =====\n",
      "\n",
      "'chair' is not in gscene. Use manual input for initial guess\n",
      "\n",
      "Apply point-to-point ICP\n",
      "registration::RegistrationResult with fitness=1.000000e+00, inlier_rmse=6.069617e-02, and correspondence_set size of 9020\n",
      "Access transformation to get result.\n",
      "Transformation is:\n",
      "[[ 0.95965494  0.27751398  0.04525897 -1.09698299]\n",
      " [ 0.21190252 -0.60798143 -0.76515088 -0.17851701]\n",
      " [-0.18482346  0.74387132 -0.6422583   2.92021182]\n",
      " [ 0.          0.          0.          1.        ]]\n",
      "Total ICP Transformation is:\n",
      "[[ 0.95965494  0.27751398  0.04525897 -1.09698299]\n",
      " [ 0.21190252 -0.60798143 -0.76515088 -0.17851701]\n",
      " [-0.18482346  0.74387132 -0.6422583   2.92021182]\n",
      " [ 0.          0.          0.          1.        ]]\n",
      "Inlier ratio: 0.132859364586\n",
      "initial: \n",
      "[[ 0.96  0.28  0.05 -1.1 ]\n",
      " [ 0.21 -0.61 -0.77 -0.18]\n",
      " [-0.18  0.74 -0.64  2.92]\n",
      " [ 0.    0.    0.    1.  ]]\n",
      "Apply point-to-point ICP\n",
      "registration::RegistrationResult with fitness=9.261620e-01, inlier_rmse=2.743854e-02, and correspondence_set size of 3487\n",
      "Access transformation to get result.\n",
      "Transformation is:\n",
      "[[ 0.84947059  0.52359635  0.06516576 -1.08783171]\n",
      " [ 0.3669671  -0.49753507 -0.78599871 -0.19548809]\n",
      " [-0.37912382  0.69159648 -0.61478404  2.9469372 ]\n",
      " [ 0.          0.          0.          1.        ]]\n",
      "Total ICP Transformation is:\n",
      "[[ 0.84947059  0.52359635  0.06516576 -1.08783171]\n",
      " [ 0.3669671  -0.49753507 -0.78599871 -0.19548809]\n",
      " [-0.37912382  0.69159648 -0.61478404  2.9469372 ]\n",
      " [ 0.          0.          0.          1.        ]]\n",
      "result: \n",
      "[[ 0.85  0.52  0.07 -1.09]\n",
      " [ 0.37 -0.5  -0.79 -0.2 ]\n",
      " [-0.38  0.69 -0.61  2.95]\n",
      " [ 0.    0.    0.    1.  ]]\n",
      "Inlier ratio: 0.118403547672\n",
      "Found 6DoF pose of chair_1\n",
      "\n",
      "'chair' is not in gscene. Use manual input for initial guess\n",
      "\n",
      "Apply point-to-point ICP\n",
      "registration::RegistrationResult with fitness=1.000000e+00, inlier_rmse=3.376239e-02, and correspondence_set size of 54674\n",
      "Access transformation to get result.\n",
      "Transformation is:\n",
      "[[ 0.99946455 -0.0294987   0.01415795 -0.79777383]\n",
      " [-0.00472706 -0.55833071 -0.82960499  0.54561936]\n",
      " [ 0.03237708  0.82909385 -0.55817119  1.74726073]\n",
      " [ 0.          0.          0.          1.        ]]\n",
      "Total ICP Transformation is:\n",
      "[[ 0.99946455 -0.0294987   0.01415795 -0.79777383]\n",
      " [-0.00472706 -0.55833071 -0.82960499  0.54561936]\n",
      " [ 0.03237708  0.82909385 -0.55817119  1.74726073]\n",
      " [ 0.          0.          0.          1.        ]]\n",
      "Inlier ratio: 0.154780858267\n",
      "initial: \n",
      "[[ 1.   -0.03  0.01 -0.8 ]\n",
      " [-0.   -0.56 -0.83  0.55]\n",
      " [ 0.03  0.83 -0.56  1.75]\n",
      " [ 0.    0.    0.    1.  ]]\n",
      "Apply point-to-point ICP\n",
      "registration::RegistrationResult with fitness=1.000000e+00, inlier_rmse=1.474308e-02, and correspondence_set size of 22601\n",
      "Access transformation to get result.\n",
      "Transformation is:\n",
      "[[ 0.99884999  0.04503402  0.01645078 -0.80606526]\n",
      " [ 0.03917313 -0.56873202 -0.82158951  0.53610737]\n",
      " [-0.02764339  0.82128911 -0.56984209  1.76251684]\n",
      " [ 0.          0.          0.          1.        ]]\n",
      "Total ICP Transformation is:\n",
      "[[ 0.99884999  0.04503402  0.01645078 -0.80606526]\n",
      " [ 0.03917313 -0.56873202 -0.82158951  0.53610737]\n",
      " [-0.02764339  0.82128911 -0.56984209  1.76251684]\n",
      " [ 0.          0.          0.          1.        ]]\n",
      "result: \n",
      "[[ 1.    0.05  0.02 -0.81]\n",
      " [ 0.04 -0.57 -0.82  0.54]\n",
      " [-0.03  0.82 -0.57  1.76]\n",
      " [ 0.    0.    0.    1.  ]]\n",
      "Inlier ratio: 0.115100413359\n",
      "Found 6DoF pose of chair_2\n",
      "\n",
      "'chair' is not in gscene. Use manual input for initial guess\n",
      "\n",
      "Apply point-to-point ICP\n",
      "registration::RegistrationResult with fitness=1.000000e+00, inlier_rmse=3.439229e-02, and correspondence_set size of 31440\n",
      "Access transformation to get result.\n",
      "Transformation is:\n",
      "[[ 0.82743199  0.55713072 -0.07043892  0.68375344]\n",
      " [ 0.29633834 -0.53973402 -0.78795352  0.33879156]\n",
      " [-0.47701141  0.6311042  -0.61169239  2.0270693 ]\n",
      " [ 0.          0.          0.          1.        ]]\n",
      "Total ICP Transformation is:\n",
      "[[ 0.82743199  0.55713072 -0.07043892  0.68375344]\n",
      " [ 0.29633834 -0.53973402 -0.78795352  0.33879156]\n",
      " [-0.47701141  0.6311042  -0.61169239  2.0270693 ]\n",
      " [ 0.          0.          0.          1.        ]]\n",
      "Inlier ratio: 0.147635414678\n",
      "initial: \n",
      "[[ 0.83  0.56 -0.07  0.68]\n",
      " [ 0.3  -0.54 -0.79  0.34]\n",
      " [-0.48  0.63 -0.61  2.03]\n",
      " [ 0.    0.    0.    1.  ]]\n",
      "Apply point-to-point ICP\n",
      "registration::RegistrationResult with fitness=9.987791e-01, inlier_rmse=2.018077e-02, and correspondence_set size of 12271\n",
      "Access transformation to get result.\n",
      "Transformation is:\n",
      "[[ 0.84553755  0.53014718 -0.06332619  0.67960152]\n",
      " [ 0.27798201 -0.5383829  -0.79553116  0.33336557]\n",
      " [-0.45584236  0.65504793 -0.60259434  2.03680496]\n",
      " [ 0.          0.          0.          1.        ]]\n",
      "Total ICP Transformation is:\n",
      "[[ 0.84553755  0.53014718 -0.06332619  0.67960152]\n",
      " [ 0.27798201 -0.5383829  -0.79553116  0.33336557]\n",
      " [-0.45584236  0.65504793 -0.60259434  2.03680496]\n",
      " [ 0.          0.          0.          1.        ]]\n",
      "result: \n",
      "[[ 0.85  0.53 -0.06  0.68]\n",
      " [ 0.28 -0.54 -0.8   0.33]\n",
      " [-0.46  0.66 -0.6   2.04]\n",
      " [ 0.    0.    0.    1.  ]]\n",
      "Inlier ratio: 0.108492366412\n",
      "Found 6DoF pose of chair_3\n",
      "\n",
      "'chair' is not in gscene. Use manual input for initial guess\n",
      "\n",
      "Apply point-to-point ICP\n",
      "registration::RegistrationResult with fitness=1.000000e+00, inlier_rmse=8.679787e-02, and correspondence_set size of 43129\n",
      "Access transformation to get result.\n",
      "Transformation is:\n",
      "[[ 0.91578414  0.39694358  0.06144271  1.50897547]\n",
      " [ 0.32996871 -0.65622845 -0.67859033 -0.68172121]\n",
      " [-0.22904162  0.64171643 -0.73194257  3.04589415]\n",
      " [ 0.          0.          0.          1.        ]]\n",
      "Total ICP Transformation is:\n",
      "[[ 0.91578414  0.39694358  0.06144271  1.50897547]\n",
      " [ 0.32996871 -0.65622845 -0.67859033 -0.68172121]\n",
      " [-0.22904162  0.64171643 -0.73194257  3.04589415]\n",
      " [ 0.          0.          0.          1.        ]]\n",
      "Inlier ratio: 0.0196396688849\n",
      "\n",
      "'chair' is not in gscene. Use manual input for initial guess\n",
      "\n",
      "Apply point-to-point ICP\n",
      "registration::RegistrationResult with fitness=1.000000e+00, inlier_rmse=2.659028e-02, and correspondence_set size of 22237\n",
      "Access transformation to get result.\n",
      "Transformation is:\n",
      "[[ 8.59517819e-01  5.11103690e-01  1.45866658e-03 -1.29877869e-01]\n",
      " [ 2.95012029e-01 -4.93784107e-01 -8.18012914e-01  7.47542097e-02]\n",
      " [-4.17369167e-01  7.03527000e-01 -5.75197976e-01  2.46633940e+00]\n",
      " [ 0.00000000e+00  0.00000000e+00  0.00000000e+00  1.00000000e+00]]\n",
      "Total ICP Transformation is:\n",
      "[[ 8.59517819e-01  5.11103690e-01  1.45866658e-03 -1.29877869e-01]\n",
      " [ 2.95012029e-01 -4.93784107e-01 -8.18012914e-01  7.47542097e-02]\n",
      " [-4.17369167e-01  7.03527000e-01 -5.75197976e-01  2.46633940e+00]\n",
      " [ 0.00000000e+00  0.00000000e+00  0.00000000e+00  1.00000000e+00]]\n",
      "Inlier ratio: 0.250067476383\n",
      "initial: \n",
      "[[ 0.86  0.51  0.   -0.13]\n",
      " [ 0.3  -0.49 -0.82  0.07]\n",
      " [-0.42  0.7  -0.58  2.47]\n",
      " [ 0.    0.    0.    1.  ]]\n",
      "Apply point-to-point ICP\n"
     ]
    },
    {
     "name": "stdout",
     "output_type": "stream",
     "text": [
      "registration::RegistrationResult with fitness=1.000000e+00, inlier_rmse=1.459836e-02, and correspondence_set size of 9445\n",
      "Access transformation to get result.\n",
      "Transformation is:\n",
      "[[ 0.83979194  0.54283678  0.00881597 -0.12884074]\n",
      " [ 0.31589929 -0.4753745  -0.82111308  0.07148833]\n",
      " [-0.4415395   0.69234911 -0.57069743  2.47327862]\n",
      " [ 0.          0.          0.          1.        ]]\n",
      "Total ICP Transformation is:\n",
      "[[ 0.83979194  0.54283678  0.00881597 -0.12884074]\n",
      " [ 0.31589929 -0.4753745  -0.82111308  0.07148833]\n",
      " [-0.4415395   0.69234911 -0.57069743  2.47327862]\n",
      " [ 0.          0.          0.          1.        ]]\n",
      "result: \n",
      "[[ 0.84  0.54  0.01 -0.13]\n",
      " [ 0.32 -0.48 -0.82  0.07]\n",
      " [-0.44  0.69 -0.57  2.47]\n",
      " [ 0.    0.    0.    1.  ]]\n",
      "Inlier ratio: 0.179475648694\n",
      "Found 6DoF pose of chair_4\n",
      "Total 1 chair in the scene\n",
      "Update existing chair in the scene\n",
      "Add new chair in the scene\n",
      "Add new chair in the scene\n",
      "Add new chair in the scene\n",
      "name_mask is ['chair']\n",
      "request 0 -> response 0\n",
      "==== Received color, depth image from remote camera ====\n",
      "Maximun num of object for detection : 5\n",
      "===== Detected : chair, 4 object(s) =====\n",
      "\n",
      "'chair' is not in gscene. Use manual input for initial guess\n",
      "\n",
      "Apply point-to-point ICP\n",
      "registration::RegistrationResult with fitness=1.000000e+00, inlier_rmse=4.736633e-02, and correspondence_set size of 8895\n",
      "Access transformation to get result.\n",
      "Transformation is:\n",
      "[[ 0.74756549 -0.66406928 -0.01256202  0.47289681]\n",
      " [-0.42840182 -0.4676408  -0.77316488 -0.28681205]\n",
      " [ 0.50756055  0.58337298 -0.63408061  3.0535182 ]\n",
      " [ 0.          0.          0.          1.        ]]\n",
      "Total ICP Transformation is:\n",
      "[[ 0.74756549 -0.66406928 -0.01256202  0.47289681]\n",
      " [-0.42840182 -0.4676408  -0.77316488 -0.28681205]\n",
      " [ 0.50756055  0.58337298 -0.63408061  3.0535182 ]\n",
      " [ 0.          0.          0.          1.        ]]\n",
      "Inlier ratio: 0.160837577816\n",
      "initial: \n",
      "[[ 0.75 -0.66 -0.01  0.47]\n",
      " [-0.43 -0.47 -0.77 -0.29]\n",
      " [ 0.51  0.58 -0.63  3.05]\n",
      " [ 0.    0.    0.    1.  ]]\n",
      "Apply point-to-point ICP\n",
      "registration::RegistrationResult with fitness=9.731688e-01, inlier_rmse=2.559781e-02, and correspondence_set size of 3627\n",
      "Access transformation to get result.\n",
      "Transformation is:\n",
      "[[ 0.83188575 -0.55304946 -0.0458517   0.49656572]\n",
      " [-0.38109137 -0.50925548 -0.77163994 -0.29392115]\n",
      " [ 0.40340484  0.65938996 -0.63440475  3.07398923]\n",
      " [ 0.          0.          0.          1.        ]]\n",
      "Total ICP Transformation is:\n",
      "[[ 0.83188575 -0.55304946 -0.0458517   0.49656572]\n",
      " [-0.38109137 -0.50925548 -0.77163994 -0.29392115]\n",
      " [ 0.40340484  0.65938996 -0.63440475  3.07398923]\n",
      " [ 0.          0.          0.          1.        ]]\n",
      "result: \n",
      "[[ 0.83 -0.55 -0.05  0.5 ]\n",
      " [-0.38 -0.51 -0.77 -0.29]\n",
      " [ 0.4   0.66 -0.63  3.07]\n",
      " [ 0.    0.    0.    1.  ]]\n",
      "Inlier ratio: 0.138729623384\n",
      "Found 6DoF pose of chair_1\n",
      "\n",
      "'chair' is not in gscene. Use manual input for initial guess\n",
      "\n",
      "Apply point-to-point ICP\n",
      "registration::RegistrationResult with fitness=1.000000e+00, inlier_rmse=3.682842e-02, and correspondence_set size of 44351\n",
      "Access transformation to get result.\n",
      "Transformation is:\n",
      "[[ 0.82114833  0.57068499 -0.00583517  0.05115309]\n",
      " [ 0.305081   -0.44757053 -0.8405987   0.42934281]\n",
      " [-0.48232873  0.68847601 -0.54162695  1.90909595]\n",
      " [ 0.          0.          0.          1.        ]]\n",
      "Total ICP Transformation is:\n",
      "[[ 0.82114833  0.57068499 -0.00583517  0.05115309]\n",
      " [ 0.305081   -0.44757053 -0.8405987   0.42934281]\n",
      " [-0.48232873  0.68847601 -0.54162695  1.90909595]\n",
      " [ 0.          0.          0.          1.        ]]\n",
      "Inlier ratio: 0.207357784093\n",
      "initial: \n",
      "[[ 0.82  0.57 -0.01  0.05]\n",
      " [ 0.31 -0.45 -0.84  0.43]\n",
      " [-0.48  0.69 -0.54  1.91]\n",
      " [ 0.    0.    0.    1.  ]]\n",
      "Apply point-to-point ICP\n",
      "registration::RegistrationResult with fitness=1.000000e+00, inlier_rmse=1.359910e-02, and correspondence_set size of 18475\n",
      "Access transformation to get result.\n",
      "Transformation is:\n",
      "[[ 0.83857773  0.54447161 -0.01838632  0.04966491]\n",
      " [ 0.29595216 -0.48363226 -0.82371847  0.42104887]\n",
      " [-0.45738355  0.68531049 -0.56670079  1.92199285]\n",
      " [ 0.          0.          0.          1.        ]]\n",
      "Total ICP Transformation is:\n",
      "[[ 0.83857773  0.54447161 -0.01838632  0.04966491]\n",
      " [ 0.29595216 -0.48363226 -0.82371847  0.42104887]\n",
      " [-0.45738355  0.68531049 -0.56670079  1.92199285]\n",
      " [ 0.          0.          0.          1.        ]]\n",
      "result: \n",
      "[[ 0.84  0.54 -0.02  0.05]\n",
      " [ 0.3  -0.48 -0.82  0.42]\n",
      " [-0.46  0.69 -0.57  1.92]\n",
      " [ 0.    0.    0.    1.  ]]\n",
      "Inlier ratio: 0.147956077653\n",
      "Found 6DoF pose of chair_2\n",
      "\n",
      "'chair' is not in gscene. Use manual input for initial guess\n",
      "\n",
      "Apply point-to-point ICP\n",
      "registration::RegistrationResult with fitness=1.000000e+00, inlier_rmse=2.536499e-02, and correspondence_set size of 27365\n",
      "Access transformation to get result.\n",
      "Transformation is:\n",
      "[[ 0.86994658 -0.49000403 -0.05557864  1.05391668]\n",
      " [-0.32644571 -0.48773163 -0.80966105  0.19659521]\n",
      " [ 0.36962973  0.72250527 -0.58426018  2.25094701]\n",
      " [ 0.          0.          0.          1.        ]]\n",
      "Total ICP Transformation is:\n",
      "[[ 0.86994658 -0.49000403 -0.05557864  1.05391668]\n",
      " [-0.32644571 -0.48773163 -0.80966105  0.19659521]\n",
      " [ 0.36962973  0.72250527 -0.58426018  2.25094701]\n",
      " [ 0.          0.          0.          1.        ]]\n",
      "Inlier ratio: 0.225548245614\n",
      "initial: \n",
      "[[ 0.87 -0.49 -0.06  1.05]\n",
      " [-0.33 -0.49 -0.81  0.2 ]\n",
      " [ 0.37  0.72 -0.58  2.25]\n",
      " [ 0.    0.    0.    1.  ]]\n",
      "Apply point-to-point ICP\n",
      "registration::RegistrationResult with fitness=1.000000e+00, inlier_rmse=1.475389e-02, and correspondence_set size of 11649\n",
      "Access transformation to get result.\n",
      "Transformation is:\n",
      "[[ 0.86282416 -0.50145803 -0.06383035  1.05688987]\n",
      " [-0.33961816 -0.48151213 -0.80796383  0.19589556]\n",
      " [ 0.37442487  0.71880865 -0.58576455  2.25820003]\n",
      " [ 0.          0.          0.          1.        ]]\n",
      "Total ICP Transformation is:\n",
      "[[ 0.86282416 -0.50145803 -0.06383035  1.05688987]\n",
      " [-0.33961816 -0.48151213 -0.80796383  0.19589556]\n",
      " [ 0.37442487  0.71880865 -0.58576455  2.25820003]\n",
      " [ 0.          0.          0.          1.        ]]\n",
      "result: \n",
      "[[ 0.86 -0.5  -0.06  1.06]\n",
      " [-0.34 -0.48 -0.81  0.2 ]\n",
      " [ 0.37  0.72 -0.59  2.26]\n",
      " [ 0.    0.    0.    1.  ]]\n",
