{
 "cells": [
  {
   "cell_type": "markdown",
   "metadata": {},
   "source": [
    "# Experiment Process\n",
    "## Prepare HW\n",
    "1. Switch supply power to mobile robot system\n",
    "2. Turn on panda controller and mobile computer on the mobile system\n",
    "3. Connect to Mobile WiFi (RNB-MOBILE, PW: robot!!!1)\n",
    "4. Connect to Franka Desk (192.168.17.3) and unlock panda joints, make sure blue LED is on.\n",
    "\n",
    "## Prepare Mobile Panda\n",
    "1. Connect to mobile computer with AnyDesk (349 336 873)\n",
    "    - Proceed this section in connected mobile computer.\n",
    "2. Prepare SteamVR\n",
    "    - Make sure Each Vive Base Station have unique ID (should be set in advance in Windows SteamVR)\n",
    "    - Make sure Vive Base Stations are placed properly (facing each other)\n",
    "    - Turn on vrmonitor\n",
    "    - Connect Vive Tracker (Menu-Devices-Pair Controller)\n",
    "    - Make sure All Base Station and Tracker icons are active\n",
    "3. Start camera server\n",
    "```bash\n",
    "cd ~/Projects/grpc_cam/\n",
    "python3 cam_grpc_server.py\n",
    "```\n",
    "    - If any error is raised, disconnect and reconnect camera \n",
    "4. Start panda control program\n",
    "```bash\n",
    "roslaunch panda_control joint_control_rnb.launch robot_ip:=192.168.17.3 load_gripper:=false\n",
    "```\n",
    "    - **[IMPORTANT]** enable data plot on web UI\n",
    "5. Start mobile robot server\n",
    "```bash\n",
    "~/run_mobile_server.sh\n",
    "```\n",
    "\n",
    "\n",
    "## Proceed Experiment\n",
    "* Place table, chair, clocks and target markers and run scripts below\n",
    "\n",
    "\n",
    "## Trouble shooting\n",
    "* **Panda stop**: panda controller can stop due to excessive  torque or network loss\n",
    "    - push and turn panda activation button to reset state, and restart panda control program\n",
    "* **Mobile robot stop**: mobile robot can raise error due to heavy load\n",
    "    - ***TO BE DONE***\n",
    "    \n",
    "## NOTE\n",
    "* Panda joint offset value backup:\n",
    " - [-0.01, -0.009, -0.022, 0.0, 0.007, -0.012, 0.0]"
   ]
  },
  {
   "cell_type": "markdown",
   "metadata": {},
   "source": [
    "# 이슈\n",
    "* 테이블이 왼쪽으로 치우쳐 찍히는 경향"
   ]
  },
  {
   "cell_type": "markdown",
   "metadata": {},
   "source": [
    "# 테스트 기준\n",
    "* 로봇의 제한된 자유도 고려, 원천적으로 해결 불가능한 문제는 아래의 조건 등을 통해 배제하였음.\n",
    "  - 의자 간 거리는 1m 이상\n",
    "  - 시계는 20cm 이상\n",
    "  - 각 마커와 시계 사이에는 3cm 이상의 공백을 둠\n",
    "* 위의 경우를 포함, 로봇이 해결할 수 없는 상황은 사람 작업자의 개입 요청으로 해결될 예정\n",
    "* 사각 테두리 안쪽에 툴이 접촉하면 성공\n",
    "* 각 플래닝은 최대 300초\n",
    "* 동작 도중 환경 및 장애물에 충돌이 발생하면 실패"
   ]
  },
  {
   "cell_type": "markdown",
   "metadata": {},
   "source": [
    "# 판다 플롯 시작!"
   ]
  },
  {
   "cell_type": "markdown",
   "metadata": {},
   "source": [
    "# 실험 시작 - 사진 촬영!"
   ]
  },
  {
   "cell_type": "code",
   "execution_count": 1,
   "metadata": {},
   "outputs": [],
   "source": [
    "QOFF_PANDA = [-0.01, -0.009, -0.022, 0.0, 0.007, -0.012, 0.0]"
   ]
  },
  {
   "cell_type": "code",
   "execution_count": 2,
   "metadata": {},
   "outputs": [
    {
     "name": "stdout",
     "output_type": "stream",
     "text": [
      "Mobile IP: 192.168.17.2\n",
      "ROBOT  IP: 192.168.17.2\n",
      "PANDA  IP: 192.168.17.3\n"
     ]
    }
   ],
   "source": [
    "import os\n",
    "import sys\n",
    "sys.path.append(os.path.join(os.path.join(\n",
    "    os.environ[\"RNB_PLANNING_DIR\"], 'src')))\n",
    "sys.path.append(os.path.join(\n",
    "    os.environ[\"RNB_PLANNING_DIR\"], 'src/scripts/demo_202107'))\n",
    "\n",
    "CONNECT_MOBILE = True\n",
    "CONNECT_ROBOT = True\n",
    "SAVE_DATA = False\n",
    "\n",
    "MOBILE_IP = \"192.168.17.2\"\n",
    "ROBOT_IP = \"192.168.17.2\"\n",
    "PANDA_IP = \"192.168.17.3\"\n",
    "\n",
    "print(\"Mobile IP: {}\".format(MOBILE_IP))\n",
    "print(\"ROBOT  IP: {}\".format(ROBOT_IP))\n",
    "print(\"PANDA  IP: {}\".format(PANDA_IP))\n",
    "\n",
    "sys.path.append(os.path.join(\n",
    "    os.environ[\"RNB_PLANNING_DIR\"], 'src/scripts/developing/multiobject'))\n",
    "\n",
    "from concurrent import futures\n",
    "import logging\n",
    "import math\n",
    "import time\n",
    "import cv2\n",
    "import numpy as np\n",
    "import grpc\n",
    "import RemoteCam_pb2\n",
    "import RemoteCam_pb2_grpc\n",
    "\n",
    "MAX_MESSAGE_LENGTH = 10000000\n",
    "PORT_CAM = 10509"
   ]
  },
  {
   "cell_type": "code",
   "execution_count": 3,
   "metadata": {},
   "outputs": [
    {
     "name": "stdout",
     "output_type": "stream",
     "text": [
      "connection command:\n",
      "pmb0: True\n",
      "panda_arm1: True\n"
     ]
    }
   ],
   "source": [
    "ROBOT_BASE_OFFSET = (+0.02-0.035-0.15+0.008,0,0.592)\n",
    "ROBOT_BASE_RPY = (0,0,0)\n",
    "TOOL_NAME = \"brush_face\"\n",
    "WALL_THICKNESS = 0.01\n",
    "CLEARANCE = 0.001\n",
    "WS_HEIGHT = 1.7\n",
    "COL_COLOR = (1,1,1,0.2)\n",
    "    \n",
    "LOG_FORCE = False\n",
    "\n",
    "from pkg.controller.combined_robot import *\n",
    "from pkg.project_config import *\n",
    "\n",
    "kiro_udp_client.KIRO_UDP_OFFLINE_DEBUG = not CONNECT_MOBILE\n",
    "\n",
    "mobile_config = RobotConfig(0, RobotType.pmb, ((0,0,0), (0,0,0)), MOBILE_IP)\n",
    "robot_config = RobotConfig(1, RobotType.panda_arm, \n",
    "                           (ROBOT_BASE_OFFSET, ROBOT_BASE_RPY),\n",
    "                           \"{}/{}\".format(ROBOT_IP, PANDA_IP), root_on=\"pmb0_platform\")\n",
    "\n",
    "ROBOT_TYPE = robot_config.type\n",
    "MOBILE_NAME = mobile_config.get_indexed_name()\n",
    "ROBOT_NAME = robot_config.get_indexed_name()\n",
    "crob = CombinedRobot(robots_on_scene=[mobile_config, robot_config],\n",
    "                     connection_list=[CONNECT_MOBILE, CONNECT_ROBOT])"
   ]
  },
  {
   "cell_type": "code",
   "execution_count": null,
   "metadata": {},
   "outputs": [],
   "source": []
  },
  {
   "cell_type": "markdown",
   "metadata": {},
   "source": [
    "### Make scene"
   ]
  },
  {
   "cell_type": "code",
   "execution_count": 4,
   "metadata": {
    "scrolled": true
   },
   "outputs": [
    {
     "name": "stdout",
     "output_type": "stream",
     "text": [
      "Please create a subscriber to the marker\n",
      "publication OK\n",
      "published: [0, 0, 0, 0, 0, 0, 0, 0, 0, 0, 0, 0, 0]\n",
      "Please create a subscriber to the marker\n"
     ]
    }
   ],
   "source": [
    "from pkg.geometry.builder.scene_builder import SceneBuilder\n",
    "from pkg.planning.scene import PlanningScene\n",
    "\n",
    "s_builder = SceneBuilder(None)\n",
    "gscene = s_builder.create_gscene(crob)\n",
    "gtems = s_builder.add_robot_geometries(\n",
    "    color=COL_COLOR, display=True, collision=True)\n",
    "\n",
    "gscene.set_workspace_boundary(\n",
    "    -1, 4, -2.5, 2.5, -CLEARANCE, WS_HEIGHT, thickness=WALL_THICKNESS)\n",
    "\n",
    "HOME_POSE_DEFAULT = np.copy(crob.home_pose)\n",
    "gscene.show_pose(crob.home_pose)\n",
    "crob.simulator.gscene=gscene"
   ]
  },
  {
   "cell_type": "code",
   "execution_count": null,
   "metadata": {},
   "outputs": [],
   "source": []
  },
  {
   "cell_type": "markdown",
   "metadata": {},
   "source": [
    "### Planning scene"
   ]
  },
  {
   "cell_type": "code",
   "execution_count": 5,
   "metadata": {},
   "outputs": [],
   "source": [
    "from pkg.geometry.geometry import *\n",
    "from pkg.utils.code_scraps import *\n",
    "from pkg.planning.constraint.constraint_subject import *\n",
    "from pkg.planning.constraint.constraint_actor import *\n",
    "from exp_config import *\n",
    "\n",
    "pscene = PlanningScene(gscene, combined_robot=crob)"
   ]
  },
  {
   "cell_type": "code",
   "execution_count": 6,
   "metadata": {},
   "outputs": [],
   "source": [
    "ROBOT_BASE = pscene.robot_chain_dict[ROBOT_NAME]['link_names'][0]\n",
    "TIP_LINK = pscene.robot_chain_dict[ROBOT_NAME][\"tip_link\"]\n",
    "MOBILE_BASE = pscene.robot_chain_dict[MOBILE_NAME][\"tip_link\"]\n",
    "HOLD_LINK = MOBILE_BASE\n",
    "BRUSH_NAME = \"brush_face\"\n",
    "theta = -np.pi*3/4\n",
    "viewpoint  = add_panda_cam(gscene, tool_link=TIP_LINK, theta=theta)\n",
    "brush_face = add_panda_brush(gscene, tool_link=TIP_LINK, theta=theta, \n",
    "                             brush_name=BRUSH_NAME)\n",
    "\n",
    "point_brush, rpy_brush = (0,0,-brush_face.dims[2]/2), (0,0,0)\n",
    "brush_b = pscene.create_binder(BRUSH_NAME, BRUSH_NAME, WayFramer, point=point_brush, rpy=rpy_brush)\n",
    "gscene.show_pose(HOME_POSE_DEFAULT)\n",
    "\n",
    "MOBILE_PUSH_NAME = \"mpush\"\n",
    "MOBILE_PUSH_HEIGHT = 0.4\n",
    "MOBILE_PUSH_KEY = 1\n",
    "MOBILE_SLIDE_KEY = 2\n",
    "front_dist = 0.03\n",
    "mpush_g = gscene.create_safe(GEOTYPE.SPHERE, MOBILE_PUSH_NAME, link_name=HOLD_LINK,dims=(0.01,0.01,0.01),\n",
    "                           center=(front_dist, 0, MOBILE_PUSH_HEIGHT), rpy=(0,np.pi/2,0),\n",
    "                           fixed=True, collision=False, color=(1,0,0,0.5))\n",
    "mpush_b = pscene.create_binder(MOBILE_PUSH_NAME, MOBILE_PUSH_NAME, FramedTool, point=(0,0,0), rpy=(0,0,0), key=MOBILE_PUSH_KEY)\n",
    "\n",
    "floor_b = pscene.create_binder(\"floor_ws\", \"floor_ws\", PlaceFrame, point=(0,0,WALL_THICKNESS/2), key=MOBILE_SLIDE_KEY)\n",
    "\n",
    "TOOL_PUSH_NAME = \"tpush\"\n",
    "TOOL_PUSH_KEY = 10\n",
    "TOOL_SLIDE_KEY = 11\n",
    "brush_col = gscene.NAME_DICT[BRUSH_NAME+\"_col\"]\n",
    "TOOL_DIM = brush_col.dims\n",
    "\n",
    "center_push, rpy_push = (TOOL_DIM[0]/2+CLEARANCE, 0, 0), (0,np.pi/2,0)    \n",
    "tpush_g = gscene.create_safe(GEOTYPE.SPHERE, TOOL_PUSH_NAME, link_name=TIP_LINK,dims=(0.01,0.01,0.01),\n",
    "                           center=center_push, rpy=rpy_push,\n",
    "                           fixed=True, collision=False, color=(1,0,0,0.5), parent=BRUSH_NAME)\n",
    "tpush_b = pscene.create_binder(TOOL_PUSH_NAME, TOOL_PUSH_NAME, FramedTool, point=(0,0,0), rpy=(0,0,0), key=TOOL_PUSH_KEY)"
   ]
  },
  {
   "cell_type": "code",
   "execution_count": null,
   "metadata": {},
   "outputs": [],
   "source": []
  },
  {
   "cell_type": "markdown",
   "metadata": {},
   "source": [
    "# Start detecting - set joint offset"
   ]
  },
  {
   "cell_type": "code",
   "execution_count": 7,
   "metadata": {},
   "outputs": [],
   "source": [
    "from pkg.controller.trajectory_client.web_client import *\n",
    "wc = WebClient(ip='192.168.17.2', port=9990)"
   ]
  },
  {
   "cell_type": "code",
   "execution_count": 8,
   "metadata": {},
   "outputs": [
    {
     "name": "stdout",
     "output_type": "stream",
     "text": [
      "URI sent: http://192.168.17.2:9990/param_setting?q_off6=0.0&q_off5=-0.012&q_off4=0.007&q_off3=0.0&q_off2=-0.022&q_off1=-0.009&q_off0=-0.01\n"
     ]
    }
   ],
   "source": [
    "wc.change_gain(**{\"q_off{}\".format(i_q): q_off_val for i_q, q_off_val in enumerate(QOFF_PANDA)})"
   ]
  },
  {
   "cell_type": "markdown",
   "metadata": {},
   "source": [
    "### MultiICP Detector"
   ]
  },
  {
   "cell_type": "code",
   "execution_count": 9,
   "metadata": {},
   "outputs": [],
   "source": [
    "from pkg.detector.multiICP.multiICP import MultiICP, MultiICP_Obj\n",
    "from pkg.detector.multiICP.config import *\n",
    "from pkg.detector.camera.realsense import RealSense\n",
    "from pkg.detector.detector_interface import DetectionLevel\n",
    "\n",
    "import open3d as o3d\n",
    "import numpy as np\n",
    "\n",
    "CONNECT_CAM = False\n",
    "REMOTE_CAM = True\n",
    "\n",
    "CARRIER_DIM = (0.4, 0.29, 0.635)\n",
    "CLOCK_DIM = (0.138, 0.05, 0.078)"
   ]
  },
  {
   "cell_type": "code",
   "execution_count": 10,
   "metadata": {},
   "outputs": [
    {
     "name": "stdout",
     "output_type": "stream",
     "text": [
      "Camera is not set - skip initialization, use remote camera\n",
      "request 0 -> response 0\n",
      "==== Received camera config from remote camera ====\n"
     ]
    }
   ],
   "source": [
    "from demo_utils.data_reconstructed_camera import DataRecontructedCamera\n",
    "dcam = DataRecontructedCamera(crob, viewpoint)\n",
    "# if not CONNECT_CAM and not REMOTE_CAM:\n",
    "#     dcam.initialize()\n",
    "\n",
    "if CONNECT_CAM:\n",
    "    realsense = RealSense()\n",
    "    micp = MultiICP(realsense)\n",
    "    micp.initialize()\n",
    "else:\n",
    "    if REMOTE_CAM:\n",
    "        # use remote camera\n",
    "        micp = MultiICP(None)\n",
    "        micp.initialize(remote_cam=REMOTE_CAM)\n",
    "#         dcam.ready_saving(*micp.get_camera_config())\n",
    "#         cam_pose = viewpoint.get_tf(VIEW_POSE_EXT)\n",
    "    else:\n",
    "        # use manually given camera configs\n",
    "        micp = MultiICP(None)\n",
    "        config_list, img_dim = load_pickle(RNB_PLANNING_DIR+\"release/multiICP_data/cam_configs.pkl\")\n",
    "        micp.initialize(config_list, img_dim)\n",
    "#         micp = MultiICP(dcam)\n",
    "#         micp.initialize()"
   ]
  },
  {
   "cell_type": "markdown",
   "metadata": {},
   "source": [
    "### Shared Detector"
   ]
  },
  {
   "cell_type": "code",
   "execution_count": 11,
   "metadata": {},
   "outputs": [],
   "source": [
    "from pkg.utils.shared_function import clear_channels_on, sa\n",
    "clear_channels_on(\"SharedDetector\")\n",
    "\n",
    "from pkg.detector.multiICP.shared_detector import SharedDetectorGen\n",
    "sd = SharedDetectorGen(tuple(reversed(micp.dsize))+(3,))()\n",
    "sd.init()"
   ]
  },
  {
   "cell_type": "code",
   "execution_count": null,
   "metadata": {},
   "outputs": [],
   "source": []
  },
  {
   "cell_type": "markdown",
   "metadata": {},
   "source": [
    "### Set ICP Config"
   ]
  },
  {
   "cell_type": "code",
   "execution_count": 12,
   "metadata": {},
   "outputs": [],
   "source": [
    "# Load config file of object information\n",
    "obj_info_dict = get_obj_info()"
   ]
  },
  {
   "cell_type": "code",
   "execution_count": 13,
   "metadata": {},
   "outputs": [],
   "source": [
    "micp_suitcase = MultiICP_Obj(obj_info_dict[\"suitcase\"], None,\n",
    "                        OffsetOnModelCoord(\"suitcase\", R=np.matmul(Rot_axis(1, 2*np.pi/3), Rot_axis(3, np.pi/2)), offset=(0.,0.,0.2)))\n",
    "\n",
    "\n",
    "micp_clock = MultiICP_Obj(obj_info_dict[\"clock\"], None,\n",
    "                        OffsetOnModelCoord(\"clock\", R=Rot_axis(1, np.pi/4), offset=(-0.04,-0.03,0.04)))\n",
    "\n",
    "\n",
    "micp_table = MultiICP_Obj(obj_info_dict[\"dining table\"], None,\n",
    "                        OffsetOnModelCoord(\"dining table\", R=Rot_axis(1, 3*np.pi/4), offset=(0.,0.35,0.6)))\n",
    "\n",
    "micp_chair = MultiICP_Obj(obj_info_dict[\"chair\"], None,\n",
    "                        OffsetOnModelCoord(\"chair\", R=Rot_axis(1, 3*np.pi/4), offset=(0.1, 0.1,0.)))"
   ]
  },
  {
   "cell_type": "code",
   "execution_count": 14,
   "metadata": {},
   "outputs": [],
   "source": [
    "micp_dict = {\"suitcase\": micp_suitcase, \"clock\": micp_clock,\n",
    "             \"dining table\": micp_table, \"chair\": micp_chair}\n",
    "micp.set_config(micp_dict, sd, crob, viewpoint)"
   ]
  },
  {
   "cell_type": "code",
   "execution_count": null,
   "metadata": {},
   "outputs": [],
   "source": []
  },
  {
   "cell_type": "markdown",
   "metadata": {},
   "source": [
    "## Table"
   ]
  },
  {
   "cell_type": "code",
   "execution_count": 51,
   "metadata": {},
   "outputs": [],
   "source": [
    "VIEW_LOC = crob.get_real_robot_pose()[:6]\n",
    "VIEW_ARM = HOME_POSE_DEFAULT[6:] + np.deg2rad([0,0,0,0,0,45,-45])\n",
    "VIEW_TABLE = list(VIEW_LOC) + list(VIEW_ARM)\n",
    "crob.joint_move_make_sure(np.array(VIEW_TABLE), ref_speed=np.pi/8)"
   ]
  },
  {
   "cell_type": "code",
   "execution_count": 52,
   "metadata": {},
   "outputs": [],
   "source": [
    "TABLE_NAME = \"table\""
   ]
  },
  {
   "cell_type": "code",
   "execution_count": 54,
   "metadata": {
    "scrolled": true
   },
   "outputs": [
    {
     "name": "stdout",
     "output_type": "stream",
     "text": [
      "name_mask is ['dining table']\n",
      "request 0 -> response 0\n",
      "==== Received color, depth image from remote camera ====\n",
      "Maximun num of object for detection : 1\n",
      "===== Detected : dining table, 2 object(s) =====\n",
      "[NOTICE] You choose merge option for mask. Detected masks would be merged.\n",
      "\n",
      "'dining table' is not in gscene. Use manual input for initial guess\n",
      "\n",
      "Apply point-to-point ICP\n",
      "registration::RegistrationResult with fitness=9.785714e-01, inlier_rmse=2.970279e-01, and correspondence_set size of 274\n",
      "Access transformation to get result.\n",
      "Transformation is:\n",
      "[[ 0.74663267  0.16715504  0.6438935   0.14678418]\n",
      " [ 0.6280935  -0.49603317 -0.59954118  0.15516058]\n",
      " [ 0.21917621  0.85206235 -0.47534356  3.55352983]\n",
      " [ 0.          0.          0.          1.        ]]\n",
      "Total ICP Transformation is:\n",
      "[[ 0.74663267  0.16715504  0.6438935   0.14678418]\n",
      " [ 0.6280935  -0.49603317 -0.59954118  0.15516058]\n",
      " [ 0.21917621  0.85206235 -0.47534356  3.55352983]\n",
      " [ 0.          0.          0.          1.        ]]\n",
      "Inlier ratio: 0.147126436782\n",
      "initial: \n",
      "[[ 0.75  0.17  0.64  0.15]\n",
      " [ 0.63 -0.5  -0.6   0.16]\n",
      " [ 0.22  0.85 -0.48  3.55]\n",
      " [ 0.    0.    0.    1.  ]]\n",
      "Apply point-to-point ICP\n",
      "registration::RegistrationResult with fitness=4.000000e-01, inlier_rmse=1.117854e-01, and correspondence_set size of 54\n",
      "Access transformation to get result.\n",
      "Transformation is:\n",
      "[[ 0.56124364  0.22833876  0.79552936 -0.00989344]\n",
      " [ 0.80238366 -0.38580105 -0.45534382  0.14093595]\n",
      " [ 0.20294343  0.89387858 -0.39974368  3.47846968]\n",
      " [ 0.          0.          0.          1.        ]]\n",
      "Total ICP Transformation is:\n",
      "[[ 0.56124364  0.22833876  0.79552936 -0.00989344]\n",
      " [ 0.80238366 -0.38580105 -0.45534382  0.14093595]\n",
      " [ 0.20294343  0.89387858 -0.39974368  3.47846968]\n",
      " [ 0.          0.          0.          1.        ]]\n",
      "result: \n",
      "[[ 0.56  0.23  0.8  -0.01]\n",
      " [ 0.8  -0.39 -0.46  0.14]\n",
      " [ 0.2   0.89 -0.4   3.48]\n",
      " [ 0.    0.    0.    1.  ]]\n",
      "Inlier ratio: 0.0607142857143\n",
      "Found 6DoF pose of dining table_1\n"
     ]
    }
   ],
   "source": [
    "# for dining table\n",
    "micp.set_ICP_thres(thres_ICP=0.6, thres_front_ICP=0.18)\n",
    "micp.set_pcd_ratio(ratio=0.5)\n",
    "micp.set_inlier_ratio(ratio=0.02)\n",
    "# micp.set_multiobject_num(num = 1)\n",
    "micp.set_merge_mask(merge=True)\n",
    "pose_dict = micp.detect(name_mask=[\"dining table\"], visualize=True)"
   ]
  },
  {
   "cell_type": "code",
   "execution_count": 18,
   "metadata": {},
   "outputs": [],
   "source": [
    "# add table\n",
    "center, rpy = pose_refine(\"dining table\", pose_dict[\"dining table_1\"])\n",
    "table_vis, table_g = add_table(gscene, TABLE_NAME, center, rpy)\n",
    "TABLE_HEIGHT = table_g.center[2] + table_g.dims[2]/2"
   ]
  },
  {
   "cell_type": "code",
   "execution_count": 19,
   "metadata": {},
   "outputs": [],
   "source": [
    "table_b = pscene.create_binder(TABLE_NAME, TABLE_NAME, PlaceFrame, point=(0,0,table_g.dims[2]/2), key=TOOL_SLIDE_KEY)\n",
    "# gscene.add_virtual_guardrail(table_g, HEIGHT=0.01, axis=\"xy\")"
   ]
  },
  {
   "cell_type": "markdown",
   "metadata": {},
   "source": [
    "### update workspace"
   ]
  },
  {
   "cell_type": "code",
   "execution_count": 20,
   "metadata": {},
   "outputs": [],
   "source": [
    "Tbt = table_g.get_tf(HOME_POSE_DEFAULT)\n",
    "Tbm = gscene.get_tf(MOBILE_BASE, VIEW_TABLE)\n",
    "Ttm = np.matmul(np.linalg.inv(Tbt), Tbm)\n",
    "\n",
    "Ymax = table_g.dims[1]/2\n",
    "Ymin = Ttm[1,3]-0.9\n",
    "Xmax = Ttm[0,3]+0.8\n",
    "Xmin = -table_g.dims[0]/2-0.3\n",
    "Xtc = np.mean([Xmax, Xmin])\n",
    "Ytc = np.mean([Ymax, Ymin])\n",
    "dX = Xmax - Xmin\n",
    "dY = Ymax - Ymin\n",
    "Xbc, Ybc, _, _ = np.matmul(Tbt, [Xtc, Ytc, 0, 1])\n",
    "Xmax, Xmin = Xbc + dX/2, Xbc - dX/2\n",
    "Ymax, Ymin = Ybc + dY/2, Ybc - dY/2\n",
    "\n",
    "gscene.set_workspace_boundary(\n",
    "    Xmin, Xmax, Ymin, Ymax, -CLEARANCE, WS_HEIGHT, thickness=WALL_THICKNESS, \n",
    "    RPY=Rot2rpy(Tbt[:3,:3]))"
   ]
  },
  {
   "cell_type": "code",
   "execution_count": 21,
   "metadata": {},
   "outputs": [
    {
     "data": {
      "text/plain": [
       "<pkg.geometry.geometry.GeometryItem at 0x7fa080086750>"
      ]
     },
     "execution_count": 21,
     "metadata": {},
     "output_type": "execute_result"
    }
   ],
   "source": [
    "floor_ws = gscene.NAME_DICT[\"floor_ws\"]\n",
    "gscene.create_safe(GEOTYPE.BOX, \"obstacle_corner\", link_name=\"base_link\",\n",
    "                   dims = (0.5,0.5,1), \n",
    "                   center=(floor_ws.dims[0]/2-0.3, floor_ws.dims[1]/2-0.3, 0.5), \n",
    "                  display=True, collision=True, parent=\"floor_ws\",\n",
    "                  color=(1,1,0,0.2))"
   ]
  },
  {
   "cell_type": "code",
   "execution_count": null,
   "metadata": {},
   "outputs": [],
   "source": []
  },
  {
   "cell_type": "markdown",
   "metadata": {},
   "source": [
    "#### [SAVE DATA]"
   ]
  },
  {
   "cell_type": "code",
   "execution_count": 22,
   "metadata": {},
   "outputs": [],
   "source": [
    "if SAVE_DATA:\n",
    "    color, depth, Qcur = micp.get_image()\n",
    "    cam_pose = viewpoint.get_tf(Qcur)\n",
    "    dcam.ready_saving(*micp.get_camera_config())\n",
    "    dcam.save_scene(color, depth, cam_pose)"
   ]
  },
  {
   "cell_type": "code",
   "execution_count": null,
   "metadata": {},
   "outputs": [],
   "source": []
  },
  {
   "cell_type": "markdown",
   "metadata": {},
   "source": [
    "### Chair"
   ]
  },
  {
   "cell_type": "code",
   "execution_count": 33,
   "metadata": {},
   "outputs": [],
   "source": [
    "for i in range(10):\n",
    "    try:\n",
    "        gscene.remove(gscene.NAME_DICT[\"chair_{}\".format(i)])\n",
    "    except:\n",
    "        pass"
   ]
  },
  {
   "cell_type": "code",
   "execution_count": 34,
   "metadata": {
    "scrolled": true
   },
   "outputs": [
    {
     "name": "stdout",
     "output_type": "stream",
     "text": [
      "name_mask is ['chair']\n",
      "request 0 -> response 0\n",
      "==== Received color, depth image from remote camera ====\n",
      "Maximun num of object for detection : 5\n",
      "===== Detected : chair, 1 object(s) =====\n",
      "\n",
      "'chair' is not in gscene. Use manual input for initial guess\n",
      "\n",
      "Apply point-to-point ICP\n",
      "registration::RegistrationResult with fitness=1.000000e+00, inlier_rmse=5.862655e-02, and correspondence_set size of 20793\n",
      "Access transformation to get result.\n",
      "Transformation is:\n",
      "[[ 9.99911845e-01  8.87015522e-03  9.88038726e-03 -1.40761539e-02]\n",
      " [ 1.32318056e-02 -6.03737566e-01 -7.97073294e-01  1.01125308e-01]\n",
      " [-1.10500292e-03  7.97133764e-01 -6.03801712e-01  2.27444236e+00]\n",
      " [ 0.00000000e+00  0.00000000e+00  0.00000000e+00  1.00000000e+00]]\n",
      "Total ICP Transformation is:\n",
      "[[ 9.99911845e-01  8.87015522e-03  9.88038726e-03 -1.40761539e-02]\n",
      " [ 1.32318056e-02 -6.03737566e-01 -7.97073294e-01  1.01125308e-01]\n",
      " [-1.10500292e-03  7.97133764e-01 -6.03801712e-01  2.27444236e+00]\n",
      " [ 0.00000000e+00  0.00000000e+00  0.00000000e+00  1.00000000e+00]]\n",
      "Inlier ratio: 0.185543211658\n",
      "initial: \n",
      "[[ 1.    0.01  0.01 -0.01]\n",
      " [ 0.01 -0.6  -0.8   0.1 ]\n",
      " [-0.    0.8  -0.6   2.27]\n",
      " [ 0.    0.    0.    1.  ]]\n",
      "Apply point-to-point ICP\n",
      "registration::RegistrationResult with fitness=1.000000e+00, inlier_rmse=1.753844e-02, and correspondence_set size of 6492\n",
      "Access transformation to get result.\n",
      "Transformation is:\n",
      "[[ 9.97976865e-01  6.24320799e-02 -1.20171346e-02 -5.38949541e-04]\n",
      " [ 2.73918068e-02 -5.92786640e-01 -8.04893567e-01  1.10248572e-01]\n",
      " [-5.73747783e-02  8.02935988e-01 -5.93297480e-01  2.27628652e+00]\n",
      " [ 0.00000000e+00  0.00000000e+00  0.00000000e+00  1.00000000e+00]]\n",
      "Total ICP Transformation is:\n",
      "[[ 9.97976865e-01  6.24320799e-02 -1.20171346e-02 -5.38949541e-04]\n",
      " [ 2.73918068e-02 -5.92786640e-01 -8.04893567e-01  1.10248572e-01]\n",
      " [-5.73747783e-02  8.02935988e-01 -5.93297480e-01  2.27628652e+00]\n",
      " [ 0.00000000e+00  0.00000000e+00  0.00000000e+00  1.00000000e+00]]\n",
      "result: \n",
      "[[ 1.    0.06 -0.01 -0.  ]\n",
      " [ 0.03 -0.59 -0.8   0.11]\n",
      " [-0.06  0.8  -0.59  2.28]\n",
      " [ 0.    0.    0.    1.  ]]\n",
      "Inlier ratio: 0.126196316068\n",
      "Found 6DoF pose of chair_1\n",
      "Total 0 chair in the scene\n",
      "Add new chair in the scene\n",
      "name_mask is ['chair']\n",
      "request 0 -> response 0\n",
      "==== Received color, depth image from remote camera ====\n",
      "Maximun num of object for detection : 5\n",
      "===== Detected : chair, 4 object(s) =====\n",
      "\n",
      "'chair' is not in gscene. Use manual input for initial guess\n",
      "\n",
      "Apply point-to-point ICP\n",
      "registration::RegistrationResult with fitness=1.000000e+00, inlier_rmse=6.357511e-02, and correspondence_set size of 24569\n",
      "Access transformation to get result.\n",
      "Transformation is:\n",
      "[[ 0.71644267  0.69749843  0.01434612 -0.80841911]\n",
      " [ 0.33736877 -0.32838594 -0.8822386   0.57181833]\n",
      " [-0.610649    0.63691332 -0.47058389  1.64810623]\n",
      " [ 0.          0.          0.          1.        ]]\n",
      "Total ICP Transformation is:\n",
      "[[ 0.71644267  0.69749843  0.01434612 -0.80841911]\n",
      " [ 0.33736877 -0.32838594 -0.8822386   0.57181833]\n",
      " [-0.610649    0.63691332 -0.47058389  1.64810623]\n",
      " [ 0.          0.          0.          1.        ]]\n",
      "Inlier ratio: 0.106199746949\n",
      "initial: \n",
      "[[ 0.72  0.7   0.01 -0.81]\n",
      " [ 0.34 -0.33 -0.88  0.57]\n",
      " [-0.61  0.64 -0.47  1.65]\n",
      " [ 0.    0.    0.    1.  ]]\n",
      "Apply point-to-point ICP\n",
      "registration::RegistrationResult with fitness=8.776546e-01, inlier_rmse=3.016706e-02, and correspondence_set size of 8472\n",
      "Access transformation to get result.\n",
      "Transformation is:\n",
      "[[ 0.67661661  0.7360384   0.02091472 -0.81007007]\n",
      " [ 0.36179709 -0.30758152 -0.8800548   0.5649044 ]\n",
      " [-0.64132116  0.60302657 -0.47441132  1.6485827 ]\n",
      " [ 0.          0.          0.          1.        ]]\n",
      "Total ICP Transformation is:\n",
      "[[ 0.67661661  0.7360384   0.02091472 -0.81007007]\n",
      " [ 0.36179709 -0.30758152 -0.8800548   0.5649044 ]\n",
      " [-0.64132116  0.60302657 -0.47441132  1.6485827 ]\n",
      " [ 0.          0.          0.          1.        ]]\n",
      "result: \n",
      "[[ 0.68  0.74  0.02 -0.81]\n",
      " [ 0.36 -0.31 -0.88  0.56]\n",
      " [-0.64  0.6  -0.47  1.65]\n",
      " [ 0.    0.    0.    1.  ]]\n",
      "Inlier ratio: 0.0778216451626\n",
      "Found 6DoF pose of chair_1\n",
      "\n",
      "'chair' is not in gscene. Use manual input for initial guess\n",
      "\n",
      "Apply point-to-point ICP\n",
      "registration::RegistrationResult with fitness=1.000000e+00, inlier_rmse=8.751970e-02, and correspondence_set size of 8291\n",
      "Access transformation to get result.\n",
      "Transformation is:\n",
      "[[ 0.97544116  0.09928139  0.19661574  1.36170064]\n",
      " [ 0.2191468  -0.34781429 -0.91159194 -0.71407513]\n",
      " [-0.02211835  0.93229201 -0.36102957  3.07756318]\n",
      " [ 0.          0.          0.          1.        ]]\n",
      "Total ICP Transformation is:\n",
      "[[ 0.97544116  0.09928139  0.19661574  1.36170064]\n",
      " [ 0.2191468  -0.34781429 -0.91159194 -0.71407513]\n",
      " [-0.02211835  0.93229201 -0.36102957  3.07756318]\n",
      " [ 0.          0.          0.          1.        ]]\n",
      "Inlier ratio: 0.0437424058323\n",
      "\n",
      "'chair' is not in gscene. Use manual input for initial guess\n",
      "\n",
      "Apply point-to-point ICP\n",
      "registration::RegistrationResult with fitness=9.615385e-01, inlier_rmse=2.102079e-01, and correspondence_set size of 50\n",
      "Access transformation to get result.\n",
      "Transformation is:\n",
      "[[ 0.87389398  0.27369233 -0.40174844 -1.20610761]\n",
      " [ 0.16703049 -0.94518519 -0.28058106 -1.02493614]\n",
      " [-0.45651958  0.17809386 -0.87170661  4.13026315]\n",
      " [ 0.          0.          0.          1.        ]]\n",
      "Total ICP Transformation is:\n",
      "[[ 0.87389398  0.27369233 -0.40174844 -1.20610761]\n",
      " [ 0.16703049 -0.94518519 -0.28058106 -1.02493614]\n",
      " [-0.45651958  0.17809386 -0.87170661  4.13026315]\n",
      " [ 0.          0.          0.          1.        ]]\n",
      "Inlier ratio: 0.317073170732\n",
      "initial: \n",
      "[[ 0.87  0.27 -0.4  -1.21]\n",
      " [ 0.17 -0.95 -0.28 -1.02]\n",
      " [-0.46  0.18 -0.87  4.13]\n",
      " [ 0.    0.    0.    1.  ]]\n",
      "Apply point-to-point ICP\n",
      "registration::RegistrationResult with fitness=0.000000e+00, inlier_rmse=0.000000e+00, and correspondence_set size of 0\n",
      "Access transformation to get result.\n",
      "Transformation is:\n",
      "[[ 0.87389398  0.27369233 -0.40174844 -1.20610761]\n",
      " [ 0.16703049 -0.94518519 -0.28058106 -1.02493614]\n",
      " [-0.45651958  0.17809386 -0.87170661  4.13026315]\n",
      " [ 0.          0.          0.          1.        ]]\n",
      "Total ICP Transformation is:\n",
      "[[ 0.87389398  0.27369233 -0.40174844 -1.20610761]\n",
      " [ 0.16703049 -0.94518519 -0.28058106 -1.02493614]\n",
      " [-0.45651958  0.17809386 -0.87170661  4.13026315]\n",
      " [ 0.          0.          0.          1.        ]]\n",
      "result: \n",
      "[[ 0.87  0.27 -0.4  -1.21]\n",
      " [ 0.17 -0.95 -0.28 -1.02]\n",
      " [-0.46  0.18 -0.87  4.13]\n",
      " [ 0.    0.    0.    1.  ]]\n",
      "Inlier ratio: 0.0\n",
      "\n",
      "'chair' is not in gscene. Use manual input for initial guess\n",
      "\n",
      "Apply point-to-point ICP\n",
      "registration::RegistrationResult with fitness=1.000000e+00, inlier_rmse=3.661439e-02, and correspondence_set size of 25254\n",
      "Access transformation to get result.\n",
      "Transformation is:\n",
      "[[ 0.88522545  0.46510311  0.00741542 -0.24556029]\n",
      " [ 0.28257964 -0.52503102 -0.80280206  0.19052908]\n",
      " [-0.36949242  0.71275626 -0.59619949  2.17174935]\n",
      " [ 0.          0.          0.          1.        ]]\n",
      "Total ICP Transformation is:\n",
      "[[ 0.88522545  0.46510311  0.00741542 -0.24556029]\n",
      " [ 0.28257964 -0.52503102 -0.80280206  0.19052908]\n",
      " [-0.36949242  0.71275626 -0.59619949  2.17174935]\n",
      " [ 0.          0.          0.          1.        ]]\n",
      "Inlier ratio: 0.215519974635\n",
      "initial: \n",
      "[[ 0.89  0.47  0.01 -0.25]\n",
      " [ 0.28 -0.53 -0.8   0.19]\n",
      " [-0.37  0.71 -0.6   2.17]\n",
      " [ 0.    0.    0.    1.  ]]\n",
      "Apply point-to-point ICP\n",
      "registration::RegistrationResult with fitness=1.000000e+00, inlier_rmse=1.674507e-02, and correspondence_set size of 10581\n",
      "Access transformation to get result.\n",
      "Transformation is:\n",
      "[[ 0.87076766  0.49163573 -0.00761453 -0.24055867]\n",
      " [ 0.28544015 -0.51804977 -0.80631775  0.18825318]\n",
      " [-0.40035934  0.69994193 -0.59143357  2.17454844]\n",
      " [ 0.          0.          0.          1.        ]]\n",
      "Total ICP Transformation is:\n",
      "[[ 0.87076766  0.49163573 -0.00761453 -0.24055867]\n",
      " [ 0.28544015 -0.51804977 -0.80631775  0.18825318]\n",
      " [-0.40035934  0.69994193 -0.59143357  2.17454844]\n",
      " [ 0.          0.          0.          1.        ]]\n",
      "result: \n",
      "[[ 0.87  0.49 -0.01 -0.24]\n",
      " [ 0.29 -0.52 -0.81  0.19]\n",
      " [-0.4   0.7  -0.59  2.17]\n",
      " [ 0.    0.    0.    1.  ]]\n",
      "Inlier ratio: 0.151342361606\n",
      "Found 6DoF pose of chair_2\n",
      "Total 1 chair in the scene\n",
      "Add new chair in the scene\n",
      "Add new chair in the scene\n",
      "name_mask is ['chair']\n",
      "request 0 -> response 0\n",
      "==== Received color, depth image from remote camera ====\n",
      "Maximun num of object for detection : 5\n"
     ]
    },
    {
     "name": "stdout",
     "output_type": "stream",
     "text": [
      "===== Detected : chair, 5 object(s) =====\n",
      "[WARN] Not obtained point cloud of object\n",
      "\n",
      "'chair' is not in gscene. Use manual input for initial guess\n",
      "\n",
      "Apply point-to-point ICP\n",
      "registration::RegistrationResult with fitness=1.000000e+00, inlier_rmse=3.647129e-02, and correspondence_set size of 27806\n",
      "Access transformation to get result.\n",
      "Transformation is:\n",
      "[[ 0.84964719 -0.52360181 -0.06277568  0.79393819]\n",
      " [-0.35112743 -0.47288395 -0.80814001  0.2491787 ]\n",
      " [ 0.39345798  0.70867615 -0.58563548  2.04619051]\n",
      " [ 0.          0.          0.          1.        ]]\n",
      "Total ICP Transformation is:\n",
      "[[ 0.84964719 -0.52360181 -0.06277568  0.79393819]\n",
      " [-0.35112743 -0.47288395 -0.80814001  0.2491787 ]\n",
      " [ 0.39345798  0.70867615 -0.58563548  2.04619051]\n",
      " [ 0.          0.          0.          1.        ]]\n",
      "Inlier ratio: 0.219964028777\n",
      "initial: \n",
      "[[ 0.85 -0.52 -0.06  0.79]\n",
      " [-0.35 -0.47 -0.81  0.25]\n",
      " [ 0.39  0.71 -0.59  2.05]\n",
      " [ 0.    0.    0.    1.  ]]\n",
      "Apply point-to-point ICP\n",
      "registration::RegistrationResult with fitness=9.759521e-01, inlier_rmse=1.654743e-02, and correspondence_set size of 11404\n",
      "Access transformation to get result.\n",
      "Transformation is:\n",
      "[[ 0.86016434 -0.50649393 -0.05984314  0.79441316]\n",
      " [-0.34494789 -0.49132242 -0.79975822  0.24476204]\n",
      " [ 0.37567042  0.70856626 -0.59733203  2.05220283]\n",
      " [ 0.          0.          0.          1.        ]]\n",
      "Total ICP Transformation is:\n",
      "[[ 0.86016434 -0.50649393 -0.05984314  0.79441316]\n",
      " [-0.34494789 -0.49132242 -0.79975822  0.24476204]\n",
      " [ 0.37567042  0.70856626 -0.59733203  2.05220283]\n",
      " [ 0.          0.          0.          1.        ]]\n",
      "result: \n",
      "[[ 0.86 -0.51 -0.06  0.79]\n",
      " [-0.34 -0.49 -0.8   0.24]\n",
      " [ 0.38  0.71 -0.6   2.05]\n",
      " [ 0.    0.    0.    1.  ]]\n",
      "Inlier ratio: 0.146155506006\n",
      "Found 6DoF pose of chair_1\n",
      "\n",
      "'chair' is not in gscene. Use manual input for initial guess\n",
      "\n",
      "Apply point-to-point ICP\n",
      "registration::RegistrationResult with fitness=1.000000e+00, inlier_rmse=4.053291e-02, and correspondence_set size of 12654\n",
      "Access transformation to get result.\n",
      "Transformation is:\n",
      "[[ 8.93344898e-01 -4.48989160e-01 -1.85370076e-02 -3.48429986e-01]\n",
      " [-2.93180760e-01 -5.51081131e-01 -7.81251943e-01  1.40224507e-03]\n",
      " [ 3.40558270e-01  7.03362131e-01 -6.23940500e-01  2.44935496e+00]\n",
      " [ 0.00000000e+00  0.00000000e+00  0.00000000e+00  1.00000000e+00]]\n",
      "Total ICP Transformation is:\n",
      "[[ 8.93344898e-01 -4.48989160e-01 -1.85370076e-02 -3.48429986e-01]\n",
      " [-2.93180760e-01 -5.51081131e-01 -7.81251943e-01  1.40224507e-03]\n",
      " [ 3.40558270e-01  7.03362131e-01 -6.23940500e-01  2.44935496e+00]\n",
      " [ 0.00000000e+00  0.00000000e+00  0.00000000e+00  1.00000000e+00]]\n",
      "Inlier ratio: 0.1792049414\n",
      "initial: \n",
      "[[ 0.89 -0.45 -0.02 -0.35]\n",
      " [-0.29 -0.55 -0.78  0.  ]\n",
      " [ 0.34  0.7  -0.62  2.45]\n",
      " [ 0.    0.    0.    1.  ]]\n",
      "Apply point-to-point ICP\n",
      "registration::RegistrationResult with fitness=9.753852e-01, inlier_rmse=2.693824e-02, and correspondence_set size of 5191\n",
      "Access transformation to get result.\n",
      "Transformation is:\n",
      "[[ 9.01498053e-01 -4.32781746e-01 -1.10192346e-03 -3.47331695e-01]\n",
      " [-2.76953094e-01 -5.74941765e-01 -7.69895395e-01  2.25962731e-03]\n",
      " [ 3.32563143e-01  6.94364381e-01 -6.38169125e-01  2.46721559e+00]\n",
      " [ 0.00000000e+00  0.00000000e+00  0.00000000e+00  1.00000000e+00]]\n",
      "Total ICP Transformation is:\n",
      "[[ 9.01498053e-01 -4.32781746e-01 -1.10192346e-03 -3.47331695e-01]\n",
      " [-2.76953094e-01 -5.74941765e-01 -7.69895395e-01  2.25962731e-03]\n",
      " [ 3.32563143e-01  6.94364381e-01 -6.38169125e-01  2.46721559e+00]\n",
      " [ 0.00000000e+00  0.00000000e+00  0.00000000e+00  1.00000000e+00]]\n",
      "result: \n",
      "[[ 0.9  -0.43 -0.   -0.35]\n",
      " [-0.28 -0.57 -0.77  0.  ]\n",
      " [ 0.33  0.69 -0.64  2.47]\n",
      " [ 0.    0.    0.    1.  ]]\n",
      "Inlier ratio: 0.12438754544\n",
      "Found 6DoF pose of chair_2\n",
      "\n",
      "'chair' is not in gscene. Use manual input for initial guess\n",
      "\n",
      "Apply point-to-point ICP\n",
      "registration::RegistrationResult with fitness=1.000000e+00, inlier_rmse=5.961758e-02, and correspondence_set size of 31179\n",
      "Access transformation to get result.\n",
      "Transformation is:\n",
      "[[ 0.99423546 -0.10704684  0.00606909 -0.00499286]\n",
      " [-0.05623247 -0.56880063 -0.82055087  0.42824323]\n",
      " [ 0.09128948  0.81547948 -0.57154126  1.85512961]\n",
      " [ 0.          0.          0.          1.        ]]\n",
      "Total ICP Transformation is:\n",
      "[[ 0.99423546 -0.10704684  0.00606909 -0.00499286]\n",
      " [-0.05623247 -0.56880063 -0.82055087  0.42824323]\n",
      " [ 0.09128948  0.81547948 -0.57154126  1.85512961]\n",
      " [ 0.          0.          0.          1.        ]]\n",
      "Inlier ratio: 0.104639969195\n",
      "initial: \n",
      "[[ 0.99 -0.11  0.01 -0.  ]\n",
      " [-0.06 -0.57 -0.82  0.43]\n",
      " [ 0.09  0.82 -0.57  1.86]\n",
      " [ 0.    0.    0.    1.  ]]\n",
      "Apply point-to-point ICP\n",
      "registration::RegistrationResult with fitness=9.047578e-01, inlier_rmse=2.289415e-02, and correspondence_set size of 10383\n",
      "Access transformation to get result.\n",
      "Transformation is:\n",
      "[[ 0.9969172  -0.0699821  -0.0354767   0.01409947]\n",
      " [-0.06896252 -0.56589853 -0.82158566  0.41297115]\n",
      " [ 0.03742008  0.82149944 -0.56898012  1.84517894]\n",
      " [ 0.          0.          0.          1.        ]]\n",
      "Total ICP Transformation is:\n",
      "[[ 0.9969172  -0.0699821  -0.0354767   0.01409947]\n",
      " [-0.06896252 -0.56589853 -0.82158566  0.41297115]\n",
      " [ 0.03742008  0.82149944 -0.56898012  1.84517894]\n",
      " [ 0.          0.          0.          1.        ]]\n",
      "result: \n",
      "[[ 1.   -0.07 -0.04  0.01]\n",
      " [-0.07 -0.57 -0.82  0.41]\n",
      " [ 0.04  0.82 -0.57  1.85]\n",
      " [ 0.    0.    0.    1.  ]]\n",
      "Inlier ratio: 0.0870136951153\n",
