{
 "cells": [
  {
   "cell_type": "code",
   "execution_count": 1,
   "metadata": {},
   "outputs": [
    {
     "name": "stdout",
     "output_type": "stream",
     "text": [
      "Mobile IP: 192.168.17.2\n",
      "ROBOT  IP: 192.168.17.2\n",
      "PANDA  IP: 192.168.17.3\n"
     ]
    }
   ],
   "source": [
    "import os\n",
    "import sys\n",
    "sys.path.append(os.path.join(os.path.join(\n",
    "    os.environ[\"RNB_PLANNING_DIR\"], 'src')))\n",
    "sys.path.append(os.path.join(\n",
    "    os.environ[\"RNB_PLANNING_DIR\"], 'src/scripts/demo_202107'))\n",
    "\n",
    "CONNECT_ROBOT = True\n",
    "CONNECT_MOBILE = True\n",
    "SAVE_DATA = True\n",
    "\n",
    "MOBILE_IP = \"192.168.17.2\"\n",
    "ROBOT_IP = \"192.168.17.2\"\n",
    "PANDA_IP = \"192.168.17.3\"\n",
    "\n",
    "print(\"Mobile IP: {}\".format(MOBILE_IP))\n",
    "print(\"ROBOT  IP: {}\".format(ROBOT_IP))\n",
    "print(\"PANDA  IP: {}\".format(PANDA_IP))\n",
    "\n",
    "sys.path.append(os.path.join(\n",
    "    os.environ[\"RNB_PLANNING_DIR\"], 'src/scripts/developing/multiobject'))\n",
    "\n",
    "from concurrent import futures\n",
    "import logging\n",
    "import math\n",
    "import time\n",
    "import cv2\n",
    "import numpy as np\n",
    "import grpc\n",
    "import RemoteCam_pb2\n",
    "import RemoteCam_pb2_grpc\n",
    "\n",
    "MAX_MESSAGE_LENGTH = 10000000\n",
    "PORT_CAM = 10509"
   ]
  },
  {
   "cell_type": "code",
   "execution_count": 2,
   "metadata": {},
   "outputs": [],
   "source": [
    "from enum import Enum\n",
    "class ExpType(Enum):\n",
    "    REMOVE_OBS=0\n",
    "    CONTACT_TAR=1\n",
    "\n",
    "EXP_SCENARIO = ExpType.CONTACT_TAR"
   ]
  },
  {
   "cell_type": "code",
   "execution_count": 3,
   "metadata": {},
   "outputs": [
    {
     "name": "stdout",
     "output_type": "stream",
     "text": [
      "connection command:\n",
      "pmb0: True\n",
      "panda_arm1: True\n"
     ]
    }
   ],
   "source": [
    "ROBOT_BASE_OFFSET = (0.008,0,0.592)\n",
    "ROBOT_BASE_RPY = (0,0,0)\n",
    "TOOL_NAME = \"brush_face\"\n",
    "WALL_THICKNESS = 0.01\n",
    "CLEARANCE = 0.001\n",
    "WS_HEIGHT = 1.7\n",
    "COL_COLOR = (1,1,1,0.2)\n",
    "    \n",
    "if EXP_SCENARIO == ExpType.REMOVE_OBS: ## Obstacle removing\n",
    "    BAG_COUNT = 5\n",
    "    CLOCK_COUNT = 0\n",
    "    TARGET_COUNT = 5\n",
    "    LOG_FORCE = False\n",
    "else: ## Contact \n",
    "    BAG_COUNT = 3\n",
    "    CLOCK_COUNT = 3\n",
    "    TARGET_COUNT = 5\n",
    "    LOG_FORCE = True\n",
    "\n",
    "from pkg.controller.combined_robot import *\n",
    "from pkg.project_config import *\n",
    "\n",
    "kiro_udp_client.KIRO_UDP_OFFLINE_DEBUG = not CONNECT_MOBILE\n",
    "\n",
    "mobile_config = RobotConfig(0, RobotType.pmb, ((0,0,0), (0,0,0)), MOBILE_IP)\n",
    "robot_config = RobotConfig(1, RobotType.panda_arm, \n",
    "                           (ROBOT_BASE_OFFSET, ROBOT_BASE_RPY),\n",
    "                           \"{}/{}\".format(ROBOT_IP, PANDA_IP), root_on=\"pmb0_platform\")\n",
    "\n",
    "ROBOT_TYPE = robot_config.type\n",
    "MOBILE_NAME = mobile_config.get_indexed_name()\n",
    "ROBOT_NAME = robot_config.get_indexed_name()\n",
    "crob = CombinedRobot(robots_on_scene=[mobile_config, robot_config],\n",
    "                     connection_list=[CONNECT_MOBILE, CONNECT_ROBOT])"
   ]
  },
  {
   "cell_type": "code",
   "execution_count": null,
   "metadata": {},
   "outputs": [],
   "source": []
  },
  {
   "cell_type": "markdown",
   "metadata": {},
   "source": [
    "### Make scene"
   ]
  },
  {
   "cell_type": "code",
   "execution_count": 4,
   "metadata": {
    "scrolled": true
   },
   "outputs": [
    {
     "name": "stdout",
     "output_type": "stream",
     "text": [
      "Unable to register with master node [http://localhost:11311]: master may not be running yet. Will keep trying.\n",
      "Please create a subscriber to the marker\n",
      "publication OK\n",
      "published: [0, 0, 0, 0, 0, 0, 0, 0, 0, 0, 0, 0, 0]\n",
      "Please create a subscriber to the marker\n"
     ]
    }
   ],
   "source": [
    "from pkg.geometry.builder.scene_builder import SceneBuilder\n",
    "from pkg.planning.scene import PlanningScene\n",
    "\n",
    "s_builder = SceneBuilder(None)\n",
    "gscene = s_builder.create_gscene(crob)\n",
    "gtems = s_builder.add_robot_geometries(\n",
    "    color=COL_COLOR, display=True, collision=True)\n",
    "\n",
    "gscene.set_workspace_boundary(\n",
    "    -1, 4, -2.5, 2.5, -CLEARANCE, WS_HEIGHT, thickness=WALL_THICKNESS)\n",
    "\n",
    "HOME_POSE_DEFAULT = np.copy(crob.home_pose)\n",
    "gscene.show_pose(crob.home_pose)\n",
    "crob.simulator.gscene=gscene"
   ]
  },
  {
   "cell_type": "code",
   "execution_count": null,
   "metadata": {},
   "outputs": [],
   "source": []
  },
  {
   "cell_type": "markdown",
   "metadata": {},
   "source": [
    "### Planning scene"
   ]
  },
  {
   "cell_type": "code",
   "execution_count": 5,
   "metadata": {},
   "outputs": [],
   "source": [
    "from pkg.geometry.geometry import *\n",
    "from pkg.utils.code_scraps import *\n",
    "from pkg.planning.constraint.constraint_subject import *\n",
    "from pkg.planning.constraint.constraint_actor import *\n",
    "from exp_config import *\n",
    "\n",
    "pscene = PlanningScene(gscene, combined_robot=crob)"
   ]
  },
  {
   "cell_type": "code",
   "execution_count": 6,
   "metadata": {},
   "outputs": [],
   "source": [
    "ROBOT_BASE = pscene.robot_chain_dict[ROBOT_NAME]['link_names'][0]\n",
    "TIP_LINK = pscene.robot_chain_dict[ROBOT_NAME][\"tip_link\"]\n",
    "MOBILE_BASE = pscene.robot_chain_dict[MOBILE_NAME][\"tip_link\"]\n",
    "HOLD_LINK = MOBILE_BASE\n",
    "BRUSH_NAME = \"brush_face\"\n",
    "theta = -np.pi*3/4\n",
    "viewpoint  = add_panda_cam(gscene, tool_link=TIP_LINK, theta=theta)\n",
    "brush_face = add_panda_brush(gscene, tool_link=TIP_LINK, theta=theta, brush_name=BRUSH_NAME)\n",
    "\n",
    "point_brush, rpy_brush = (0,0,-brush_face.dims[2]/2), (0,0,0)\n",
    "brush_b = pscene.create_binder(BRUSH_NAME, BRUSH_NAME, WayFramer, point=point_brush, rpy=rpy_brush)\n",
    "gscene.show_pose(HOME_POSE_DEFAULT)\n",
    "\n",
    "MOBILE_PUSH_NAME = \"mpush\"\n",
    "MOBILE_PUSH_HEIGHT = 0.4\n",
    "MOBILE_PUSH_KEY = 1\n",
    "MOBILE_SLIDE_KEY = 2\n",
    "front_dist = 0.31\n",
    "mpush_g = gscene.create_safe(GEOTYPE.SPHERE, MOBILE_PUSH_NAME, link_name=HOLD_LINK,dims=(0.01,0.01,0.01),\n",
    "                           center=(front_dist, 0, MOBILE_PUSH_HEIGHT), rpy=(0,np.pi/2,0),\n",
    "                           fixed=True, collision=False, color=(1,0,0,0.5))\n",
    "mpush_b = pscene.create_binder(MOBILE_PUSH_NAME, MOBILE_PUSH_NAME, FramedTool, point=(0,0,0), rpy=(0,0,0), key=MOBILE_PUSH_KEY)\n",
    "\n",
    "floor_b = pscene.create_binder(\"floor_ws\", \"floor_ws\", PlaceFrame, point=(0,0,WALL_THICKNESS/2), key=MOBILE_SLIDE_KEY)\n",
    "\n",
    "TOOL_PUSH_NAME = \"tpush\"\n",
    "TOOL_PUSH_HEIGHT = 0.03\n",
    "TOOL_PUSH_KEY = 10\n",
    "TOOL_SLIDE_KEY = 11\n",
    "brush_col = gscene.NAME_DICT[BRUSH_NAME+\"_col\"]\n",
    "TOOL_DIM = brush_col.dims\n",
    "\n",
    "center_push, rpy_push = (TOOL_DIM[0]/2+CLEARANCE, 0, 0), (0,np.pi/2,0)    \n",
    "tpush_g = gscene.create_safe(GEOTYPE.SPHERE, TOOL_PUSH_NAME, link_name=TIP_LINK,dims=(0.01,0.01,0.01),\n",
    "                           center=center_push, rpy=rpy_push,\n",
    "                           fixed=True, collision=False, color=(1,0,0,0.5), parent=BRUSH_NAME)\n",
    "tpush_b = pscene.create_binder(TOOL_PUSH_NAME, TOOL_PUSH_NAME, FramedTool, point=(0,0,0), rpy=(0,0,0), key=TOOL_PUSH_KEY)"
   ]
  },
  {
   "cell_type": "code",
   "execution_count": null,
   "metadata": {},
   "outputs": [],
   "source": []
  },
  {
   "cell_type": "markdown",
   "metadata": {},
   "source": [
    "### MultiICP Detector"
   ]
  },
  {
   "cell_type": "code",
   "execution_count": 7,
   "metadata": {},
   "outputs": [],
   "source": [
    "from pkg.detector.multiICP.multiICP import MultiICP, MultiICP_Obj\n",
    "from pkg.detector.multiICP.config import *\n",
    "from pkg.detector.camera.realsense import RealSense\n",
    "from pkg.detector.detector_interface import DetectionLevel\n",
    "\n",
    "import open3d as o3d\n",
    "import numpy as np\n",
    "\n",
    "CONNECT_CAM = False\n",
    "REMOTE_CAM = True\n",
    "\n",
    "CARRIER_DIM = (0.4, 0.29, 0.635)\n",
    "CLOCK_DIM = (0.138, 0.05, 0.078)\n",
    "TABLE_DIM = (1.6, 0.8, 0.725)"
   ]
  },
  {
   "cell_type": "code",
   "execution_count": 8,
   "metadata": {},
   "outputs": [
    {
     "name": "stdout",
     "output_type": "stream",
     "text": [
      "Camera is not set - skip initialization, use remote camera\n",
      "request 0 -> response 0\n",
      "==== Received camera config from remote camera ====\n"
     ]
    }
   ],
   "source": [
    "from demo_utils.data_reconstructed_camera import DataRecontructedCamera\n",
    "dcam = DataRecontructedCamera(crob, viewpoint)\n",
    "# if not CONNECT_CAM and not REMOTE_CAM:\n",
    "#     dcam.initialize()\n",
    "\n",
    "if CONNECT_CAM:\n",
    "    realsense = RealSense()\n",
    "    micp = MultiICP(realsense)\n",
    "    micp.initialize()\n",
    "else:\n",
    "    if REMOTE_CAM:\n",
    "        # use remote camera\n",
    "        micp = MultiICP(None)\n",
    "        micp.initialize(remote_cam=REMOTE_CAM)\n",
    "#         dcam.ready_saving(*micp.get_camera_config())\n",
    "#         cam_pose = viewpoint.get_tf(VIEW_POSE_EXT)\n",
    "    else:\n",
    "        # use manually given camera configs\n",
    "        micp = MultiICP(None)\n",
    "        config_list, img_dim = load_pickle(RNB_PLANNING_DIR+\"release/multiICP_data/cam_configs.pkl\")\n",
    "        micp.initialize(config_list, img_dim)\n",
    "#         micp = MultiICP(dcam)\n",
    "#         micp.initialize()"
   ]
  },
  {
   "cell_type": "code",
   "execution_count": null,
   "metadata": {},
   "outputs": [],
   "source": []
  },
  {
   "cell_type": "markdown",
   "metadata": {},
   "source": [
    "### Shared Detector"
   ]
  },
  {
   "cell_type": "code",
   "execution_count": 9,
   "metadata": {},
   "outputs": [],
   "source": [
    "from pkg.utils.shared_function import clear_channels_on, sa\n",
    "clear_channels_on(\"SharedDetector\")\n",
    "\n",
    "from pkg.detector.multiICP.shared_detector import SharedDetectorGen\n",
    "sd = SharedDetectorGen(tuple(reversed(micp.dsize))+(3,))()\n",
    "sd.init()"
   ]
  },
  {
   "cell_type": "code",
   "execution_count": null,
   "metadata": {},
   "outputs": [],
   "source": []
  },
  {
   "cell_type": "markdown",
   "metadata": {},
   "source": [
    "### Set ICP Config"
   ]
  },
  {
   "cell_type": "code",
   "execution_count": 10,
   "metadata": {},
   "outputs": [],
   "source": [
    "# Load config file of object information\n",
    "obj_info_dict = get_obj_info()"
   ]
  },
  {
   "cell_type": "code",
   "execution_count": 148,
   "metadata": {},
   "outputs": [],
   "source": [
    "micp_suitcase = MultiICP_Obj(obj_info_dict[\"suitcase\"], None,\n",
    "                        OffsetOnModelCoord(\"suitcase\", R=np.matmul(Rot_axis(1, np.pi/2), Rot_axis(3, np.pi/2)), offset=(0.,0.,0.11)))\n",
    "\n",
    "\n",
    "micp_clock = MultiICP_Obj(obj_info_dict[\"clock\"], None,\n",
    "                        OffsetOnModelCoord(\"clock\", R=Rot_axis(1, np.pi/4), offset=(-0.04,-0.03,0.04)))\n",
    "\n",
    "\n",
    "micp_table = MultiICP_Obj(obj_info_dict[\"dining table\"], None,\n",
    "                        OffsetOnModelCoord(\"dining table\", R=Rot_axis(1, 3*np.pi/4), offset=(0.,0.35,0.6)))"
   ]
  },
  {
   "cell_type": "code",
   "execution_count": 149,
   "metadata": {},
   "outputs": [],
   "source": [
    "micp_dict = {\"suitcase\": micp_suitcase, \"clock\": micp_clock, \"dining table\": micp_table}\n",
    "micp.set_config(micp_dict, sd, crob, viewpoint)"
   ]
  },
  {
   "cell_type": "code",
   "execution_count": null,
   "metadata": {},
   "outputs": [],
   "source": []
  },
  {
   "cell_type": "markdown",
   "metadata": {},
   "source": [
    "## Table"
   ]
  },
  {
   "cell_type": "code",
   "execution_count": 13,
   "metadata": {},
   "outputs": [],
   "source": [
    "VIEW_LOC = crob.get_real_robot_pose()[:6]\n",
    "VIEW_ARM = HOME_POSE_DEFAULT[6:] + np.deg2rad([0,0,0,0,0,45,-45])\n",
    "VIEW_TABLE = list(VIEW_LOC) + list(VIEW_ARM)\n",
    "crob.joint_move_make_sure(np.array(VIEW_TABLE), ref_speed=np.pi/8)"
   ]
  },
  {
   "cell_type": "code",
   "execution_count": 14,
   "metadata": {},
   "outputs": [],
   "source": [
    "TABLE_DIM = (1.6, 0.8, 0.725)\n",
    "TABLE_NAME = \"table\"\n",
    "TABLE_LOC = (3, 0, TABLE_DIM[2]/2)\n",
    "TABLE_RPY = (0,0,0)"
   ]
  },
  {
   "cell_type": "code",
   "execution_count": 16,
   "metadata": {
    "scrolled": true
   },
   "outputs": [
    {
     "name": "stdout",
     "output_type": "stream",
     "text": [
      "name_mask is ['dining table']\n",
      "request 0 -> response 0\n",
      "==== Received color, depth image from remote camera ====\n",
      "Maximun num of object for detection : 1\n",
      "===== Detected : dining table, 1 object(s) =====\n",
      "[NOTICE] You choose merge option for mask. Detected masks would be merged.\n",
      "\n",
      "'dining table' is not in gscene. Use manual input for initial guess\n",
      "\n",
      "Apply point-to-point ICP\n",
      "registration::RegistrationResult with fitness=9.833541e-01, inlier_rmse=1.861722e-01, and correspondence_set size of 2363\n",
      "Access transformation to get result.\n",
      "Transformation is:\n",
      "[[ 0.84025404  0.50203524 -0.20477733  0.76759925]\n",
      " [ 0.13032685 -0.55362304 -0.82250618  0.189242  ]\n",
      " [-0.52629656  0.66442615 -0.53061266  3.39694507]\n",
      " [ 0.          0.          0.          1.        ]]\n",
      "Total ICP Transformation is:\n",
      "[[ 0.84025404  0.50203524 -0.20477733  0.76759925]\n",
      " [ 0.13032685 -0.55362304 -0.82250618  0.189242  ]\n",
      " [-0.52629656  0.66442615 -0.53061266  3.39694507]\n",
      " [ 0.          0.          0.          1.        ]]\n",
      "initial: \n",
      "[[ 0.84  0.5  -0.2   0.77]\n",
      " [ 0.13 -0.55 -0.82  0.19]\n",
      " [-0.53  0.66 -0.53  3.4 ]\n",
      " [ 0.    0.    0.    1.  ]]\n",
      "Apply point-to-point ICP\n",
      "registration::RegistrationResult with fitness=7.943038e-01, inlier_rmse=8.288068e-02, and correspondence_set size of 753\n",
      "Access transformation to get result.\n",
      "Transformation is:\n",
      "[[ 0.83383516  0.54863027 -0.06102249  0.73726814]\n",
      " [ 0.1650355  -0.35325305 -0.92085587  0.32551907]\n",
      " [-0.5267658   0.75777113 -0.38509828  3.34590975]\n",
      " [ 0.          0.          0.          1.        ]]\n",
      "Total ICP Transformation is:\n",
      "[[ 0.83383516  0.54863027 -0.06102249  0.73726814]\n",
      " [ 0.1650355  -0.35325305 -0.92085587  0.32551907]\n",
      " [-0.5267658   0.75777113 -0.38509828  3.34590975]\n",
      " [ 0.          0.          0.          1.        ]]\n",
      "result: \n",
      "[[ 0.83  0.55 -0.06  0.74]\n",
      " [ 0.17 -0.35 -0.92  0.33]\n",
      " [-0.53  0.76 -0.39  3.35]\n",
      " [ 0.    0.    0.    1.  ]]\n",
      "Found 6DoF pose of dining table_1\n"
     ]
    }
   ],
   "source": [
    "# for dining table\n",
    "micp.set_ICP_thres(thres_ICP=0.6, thres_front_ICP=0.18)\n",
    "# micp.set_multiobject_num(num = 1)\n",
    "micp.set_merge_mask(merge=True)\n",
    "pose_dict = micp.detect(name_mask=[\"dining table\"], visualize=True)"
   ]
  },
  {
   "cell_type": "code",
   "execution_count": 17,
   "metadata": {},
   "outputs": [],
   "source": [
    "# add table\n",
    "center, rpy = pose_refine(\"dining table\", pose_dict[\"dining table_1\"])\n",
    "table_vis, table_g = add_table(gscene, TABLE_NAME, center, rpy)"
   ]
  },
  {
   "cell_type": "code",
   "execution_count": 18,
   "metadata": {},
   "outputs": [],
   "source": [
    "# table_g = gscene.create_safe(GEOTYPE.BOX, TABLE_NAME, link_name=\"base_link\", dims=TABLE_DIM,\n",
    "#                              center=TABLE_LOC, rpy=TABLE_RPY,\n",
    "#                              fixed=True, collision=True, color=(0.8,0.8,0.8,1))\n",
    "table_b = pscene.create_binder(TABLE_NAME, TABLE_NAME, PlaceFrame, point=(0,0,TABLE_DIM[2]/2), key=TOOL_SLIDE_KEY)\n",
    "gscene.add_virtual_guardrail(table_g, HEIGHT=0.01, axis=\"xy\")"
   ]
  },
  {
   "cell_type": "markdown",
   "metadata": {},
   "source": [
    "### update workspace"
   ]
  },
  {
   "cell_type": "code",
   "execution_count": 19,
   "metadata": {},
   "outputs": [],
   "source": [
    "Tbt = table_g.get_tf(HOME_POSE_DEFAULT)\n",
    "Tbm = gscene.get_tf(MOBILE_BASE, HOME_POSE_DEFAULT)\n",
    "Ttm = np.matmul(np.linalg.inv(Tbt), Tbm)\n",
    "\n",
    "Ymax = table_g.dims[1]/2\n",
    "Ymin = Ttm[1,3]-1.0\n",
    "Xmax = Ttm[0,3]+1.0\n",
    "Xmin = -table_g.dims[0]/2-1.0\n",
    "Xtc = np.mean([Xmax, Xmin])\n",
    "Ytc = np.mean([Ymax, Ymin])\n",
    "dX = Xmax - Xmin\n",
    "dY = Ymax - Ymin\n",
    "Xbc, Ybc, _, _ = np.matmul(Tbt, [Xtc, Ytc, 0, 1])\n",
    "Xmax, Xmin = Xbc + dX/2, Xbc - dX/2\n",
    "Ymax, Ymin = Ybc + dY/2, Ybc - dY/2\n",
    "\n",
    "gscene.set_workspace_boundary(\n",
    "    Xmin, Xmax, Ymin, Ymax, -CLEARANCE, WS_HEIGHT, thickness=WALL_THICKNESS, \n",
    "    RPY=Rot2rpy(Tbt[:3,:3]))"
   ]
  },
  {
   "cell_type": "markdown",
   "metadata": {},
   "source": [
    "#### [SAVE DATA]"
   ]
  },
  {
   "cell_type": "code",
   "execution_count": 20,
   "metadata": {},
   "outputs": [
    {
     "name": "stdout",
     "output_type": "stream",
     "text": [
      "request 0 -> response 0\n",
      "==== Received color, depth image from remote camera ====\n"
     ]
    }
   ],
   "source": [
    "if SAVE_DATA:\n",
    "    color, depth, Qcur = micp.get_image()\n",
    "    cam_pose = viewpoint.get_tf(Qcur)\n",
    "    dcam.ready_saving(*micp.get_camera_config())\n",
    "    dcam.save_scene(color, depth, cam_pose)"
   ]
  },
  {
   "cell_type": "code",
   "execution_count": null,
   "metadata": {},
   "outputs": [],
   "source": []
  },
  {
   "cell_type": "markdown",
   "metadata": {},
   "source": [
    "## Bag"
   ]
  },
  {
   "cell_type": "code",
   "execution_count": 21,
   "metadata": {},
   "outputs": [],
   "source": [
    "# gscene.remove(gscene.NAME_DICT[\"suitcase_0\"])\n",
    "# gscene.remove(gscene.NAME_DICT[\"suitcase_1\"])\n",
    "# gscene.remove(gscene.NAME_DICT[\"suitcase_2\"])\n",
    "# gscene.remove(gscene.NAME_DICT[\"suitcase_3\"])\n",
    "# gscene.remove(gscene.NAME_DICT[\"suitcase_4\"])\n",
    "# gscene.remove(gscene.NAME_DICT[\"suitcase_5\"])"
   ]
  },
  {
   "cell_type": "code",
   "execution_count": 22,
   "metadata": {
    "scrolled": true
   },
   "outputs": [
    {
     "name": "stdout",
     "output_type": "stream",
     "text": [
      "name_mask is ['suitcase']\n",
      "request 0 -> response 0\n",
      "==== Received color, depth image from remote camera ====\n",
      "Maximun num of object for detection : 5\n",
      "===== Detected : suitcase, 1 object(s) =====\n",
      "\n",
      "'suitcase' is not in gscene. Use manual input for initial guess\n",
      "\n",
      "Apply point-to-point ICP\n",
      "registration::RegistrationResult with fitness=9.126059e-01, inlier_rmse=6.396882e-02, and correspondence_set size of 5169\n",
      "Access transformation to get result.\n",
      "Transformation is:\n",
      "[[-0.40725662 -0.90416711 -0.12893362  0.21923259]\n",
      " [-0.28363992  0.25940228 -0.92317867  0.34496284]\n",
      " [ 0.86815346 -0.3393999  -0.36210119  1.73774559]\n",
      " [ 0.          0.          0.          1.        ]]\n",
      "Total ICP Transformation is:\n",
      "[[-0.40725662 -0.90416711 -0.12893362  0.21923259]\n",
      " [-0.28363992  0.25940228 -0.92317867  0.34496284]\n",
      " [ 0.86815346 -0.3393999  -0.36210119  1.73774559]\n",
      " [ 0.          0.          0.          1.        ]]\n",
      "initial: \n",
      "[[-0.41 -0.9  -0.13  0.22]\n",
      " [-0.28  0.26 -0.92  0.34]\n",
      " [ 0.87 -0.34 -0.36  1.74]\n",
      " [ 0.    0.    0.    1.  ]]\n",
      "Apply point-to-point ICP\n",
      "registration::RegistrationResult with fitness=9.804860e-01, inlier_rmse=1.133262e-02, and correspondence_set size of 2663\n",
      "Access transformation to get result.\n",
      "Transformation is:\n",
      "[[-0.21163278 -0.97154929 -0.10631816  0.24369722]\n",
      " [-0.4103368   0.18705617 -0.89254339  0.35325815]\n",
      " [ 0.88703736 -0.14526518 -0.43824965  1.80734034]\n",
      " [ 0.          0.          0.          1.        ]]\n",
      "Total ICP Transformation is:\n",
      "[[-0.21163278 -0.97154929 -0.10631816  0.24369722]\n",
      " [-0.4103368   0.18705617 -0.89254339  0.35325815]\n",
      " [ 0.88703736 -0.14526518 -0.43824965  1.80734034]\n",
      " [ 0.          0.          0.          1.        ]]\n",
      "result: \n",
      "[[-0.21 -0.97 -0.11  0.24]\n",
      " [-0.41  0.19 -0.89  0.35]\n",
      " [ 0.89 -0.15 -0.44  1.81]\n",
      " [ 0.    0.    0.    1.  ]]\n",
      "Found 6DoF pose of suitcase_1\n",
      "Total 0 suitcase in the scene\n",
      "Add new suitcase in the scene\n",
      "request 0 -> response 0\n",
      "==== Received color, depth image from remote camera ====\n",
      "name_mask is ['suitcase']\n",
      "request 0 -> response 0\n",
      "==== Received color, depth image from remote camera ====\n",
      "Maximun num of object for detection : 5\n",
      "===== Detected : suitcase, 3 object(s) =====\n",
      "\n",
      "'suitcase' is not in gscene. Use manual input for initial guess\n",
      "\n",
      "Apply point-to-point ICP\n",
      "registration::RegistrationResult with fitness=9.146067e-01, inlier_rmse=9.558437e-02, and correspondence_set size of 1628\n",
      "Access transformation to get result.\n",
      "Transformation is:\n",
      "[[ 0.99944843  0.02111471  0.02563194 -0.36075343]\n",
      " [ 0.03152527 -0.36061248 -0.93218281 -0.04075076]\n",
      " [-0.01043958  0.93247671 -0.36107922  2.69353534]\n",
      " [ 0.          0.          0.          1.        ]]\n",
      "Total ICP Transformation is:\n",
      "[[ 0.99944843  0.02111471  0.02563194 -0.36075343]\n",
      " [ 0.03152527 -0.36061248 -0.93218281 -0.04075076]\n",
      " [-0.01043958  0.93247671 -0.36107922  2.69353534]\n",
      " [ 0.          0.          0.          1.        ]]\n",
      "initial: \n",
      "[[ 1.    0.02  0.03 -0.36]\n",
      " [ 0.03 -0.36 -0.93 -0.04]\n",
      " [-0.01  0.93 -0.36  2.69]\n",
      " [ 0.    0.    0.    1.  ]]\n",
      "Apply point-to-point ICP\n",
      "registration::RegistrationResult with fitness=6.701389e-01, inlier_rmse=2.268994e-02, and correspondence_set size of 579\n",
      "Access transformation to get result.\n",
      "Transformation is:\n",
      "[[ 0.90153394  0.42406021 -0.0860784  -0.36101977]\n",
      " [ 0.09305576 -0.3842786  -0.91851542 -0.07271613]\n",
      " [-0.42258393  0.82006274 -0.38590145  2.78612322]\n",
      " [ 0.          0.          0.          1.        ]]\n",
      "Total ICP Transformation is:\n",
      "[[ 0.90153394  0.42406021 -0.0860784  -0.36101977]\n",
      " [ 0.09305576 -0.3842786  -0.91851542 -0.07271613]\n",
      " [-0.42258393  0.82006274 -0.38590145  2.78612322]\n",
      " [ 0.          0.          0.          1.        ]]\n",
      "result: \n",
      "[[ 0.9   0.42 -0.09 -0.36]\n",
      " [ 0.09 -0.38 -0.92 -0.07]\n",
      " [-0.42  0.82 -0.39  2.79]\n",
      " [ 0.    0.    0.    1.  ]]\n",
      "Found 6DoF pose of suitcase_1\n",
      "\n",
      "'suitcase' is not in gscene. Use manual input for initial guess\n",
      "\n",
      "Apply point-to-point ICP\n",
      "registration::RegistrationResult with fitness=9.255536e-01, inlier_rmse=6.662910e-02, and correspondence_set size of 6353\n",
      "Access transformation to get result.\n",
      "Transformation is:\n",
      "[[-0.91310922 -0.39493513 -0.10128075 -0.03560595]\n",
      " [-0.04712606  0.34897986 -0.93594455  0.38065283]\n",
      " [ 0.40498232 -0.84984663 -0.33726846  1.70099282]\n",
      " [ 0.          0.          0.          1.        ]]\n",
      "Total ICP Transformation is:\n",
      "[[-0.91310922 -0.39493513 -0.10128075 -0.03560595]\n",
      " [-0.04712606  0.34897986 -0.93594455  0.38065283]\n",
      " [ 0.40498232 -0.84984663 -0.33726846  1.70099282]\n",
      " [ 0.          0.          0.          1.        ]]\n",
      "initial: \n",
      "[[-0.91 -0.39 -0.1  -0.04]\n",
      " [-0.05  0.35 -0.94  0.38]\n",
      " [ 0.4  -0.85 -0.34  1.7 ]\n",
      " [ 0.    0.    0.    1.  ]]\n",
      "Apply point-to-point ICP\n",
      "registration::RegistrationResult with fitness=9.816861e-01, inlier_rmse=1.111963e-02, and correspondence_set size of 3109\n",
      "Access transformation to get result.\n",
      "Transformation is:\n",
      "[[-0.79422971 -0.60114568 -0.08844794 -0.03883592]\n",
      " [-0.20116428  0.39750145 -0.89527958  0.39034655]\n",
      " [ 0.57335164 -0.69326508 -0.43663649  1.78130122]\n",
      " [ 0.          0.          0.          1.        ]]\n",
      "Total ICP Transformation is:\n",
      "[[-0.79422971 -0.60114568 -0.08844794 -0.03883592]\n",
      " [-0.20116428  0.39750145 -0.89527958  0.39034655]\n",
      " [ 0.57335164 -0.69326508 -0.43663649  1.78130122]\n",
      " [ 0.          0.          0.          1.        ]]\n",
      "result: \n",
      "[[-0.79 -0.6  -0.09 -0.04]\n",
      " [-0.2   0.4  -0.9   0.39]\n",
      " [ 0.57 -0.69 -0.44  1.78]\n",
      " [ 0.    0.    0.    1.  ]]\n",
      "Found 6DoF pose of suitcase_2\n",
      "\n",
      "'suitcase' is not in gscene. Use manual input for initial guess\n",
      "\n",
      "Apply point-to-point ICP\n",
      "registration::RegistrationResult with fitness=9.978382e-01, inlier_rmse=8.793221e-02, and correspondence_set size of 3231\n",
      "Access transformation to get result.\n",
      "Transformation is:\n",
      "[[ 0.93096525 -0.35031917 -0.10286003 -1.18900096]\n",
      " [-0.227213   -0.3353648  -0.91427824  0.13693128]\n",
      " [ 0.28579356  0.87453241 -0.39181004  2.58627243]\n",
      " [ 0.          0.          0.          1.        ]]\n",
      "Total ICP Transformation is:\n",
      "[[ 0.93096525 -0.35031917 -0.10286003 -1.18900096]\n",
      " [-0.227213   -0.3353648  -0.91427824  0.13693128]\n",
      " [ 0.28579356  0.87453241 -0.39181004  2.58627243]\n",
      " [ 0.          0.          0.          1.        ]]\n",
      "initial: \n",
      "[[ 0.93 -0.35 -0.1  -1.19]\n",
      " [-0.23 -0.34 -0.91  0.14]\n",
      " [ 0.29  0.87 -0.39  2.59]\n",
      " [ 0.    0.    0.    1.  ]]\n",
      "Apply point-to-point ICP\n",
      "registration::RegistrationResult with fitness=9.104762e-01, inlier_rmse=2.215997e-02, and correspondence_set size of 1434\n",
      "Access transformation to get result.\n",
      "Transformation is:\n",
      "[[ 0.99641941 -0.03424424 -0.07730263 -1.23868401]\n",
      " [-0.08441574 -0.45406778 -0.88695909  0.13632111]\n",
      " [-0.00472739  0.89030881 -0.4553327   2.68544008]\n",
      " [ 0.          0.          0.          1.        ]]\n",
      "Total ICP Transformation is:\n",
      "[[ 0.99641941 -0.03424424 -0.07730263 -1.23868401]\n",
      " [-0.08441574 -0.45406778 -0.88695909  0.13632111]\n",
      " [-0.00472739  0.89030881 -0.4553327   2.68544008]\n",
      " [ 0.          0.          0.          1.        ]]\n",
      "result: \n",
      "[[ 1.   -0.03 -0.08 -1.24]\n",
      " [-0.08 -0.45 -0.89  0.14]\n",
      " [-0.    0.89 -0.46  2.69]\n",
      " [ 0.    0.    0.    1.  ]]\n",
      "Found 6DoF pose of suitcase_3\n",
      "Total 1 suitcase in the scene\n",
      "Add new suitcase in the scene\n",
      "Add new suitcase in the scene\n",
      "Add new suitcase in the scene\n",
      "request 0 -> response 0\n",
      "==== Received color, depth image from remote camera ====\n",
      "name_mask is ['suitcase']\n",
      "request 0 -> response 0\n",
      "==== Received color, depth image from remote camera ====\n",
      "Maximun num of object for detection : 5\n",
      "===== Detected : suitcase, 3 object(s) =====\n",
      "\n",
      "'suitcase' is not in gscene. Use manual input for initial guess\n",
      "\n",
      "Apply point-to-point ICP\n",
      "registration::RegistrationResult with fitness=9.774035e-01, inlier_rmse=8.181946e-02, and correspondence_set size of 2379\n",
      "Access transformation to get result.\n",
      "Transformation is:\n",
      "[[-0.97474422 -0.18389332 -0.12671604  0.30160495]\n",
      " [ 0.05308943  0.36033596 -0.93131064 -0.099522  ]\n",
      " [ 0.21692215 -0.91451695 -0.3414726   2.79432421]\n",
      " [ 0.          0.          0.          1.        ]]\n",
      "Total ICP Transformation is:\n",
      "[[-0.97474422 -0.18389332 -0.12671604  0.30160495]\n",
      " [ 0.05308943  0.36033596 -0.93131064 -0.099522  ]\n",
      " [ 0.21692215 -0.91451695 -0.3414726   2.79432421]\n",
      " [ 0.          0.          0.          1.        ]]\n",
      "initial: \n",
      "[[-0.97 -0.18 -0.13  0.3 ]\n",
      " [ 0.05  0.36 -0.93 -0.1 ]\n",
      " [ 0.22 -0.91 -0.34  2.79]\n",
      " [ 0.    0.    0.    1.  ]]\n",
      "Apply point-to-point ICP\n",
      "registration::RegistrationResult with fitness=9.500423e-01, inlier_rmse=1.944604e-02, and correspondence_set size of 1122\n",
      "Access transformation to get result.\n",
      "Transformation is:\n",
      "[[-0.88371145 -0.45377163 -0.11465332  0.29550141]\n",
      " [-0.10389406  0.42904699 -0.89728742 -0.1116761 ]\n",
      " [ 0.45635524 -0.78103136 -0.42629791  2.89252227]\n",
      " [ 0.          0.          0.          1.        ]]\n",
      "Total ICP Transformation is:\n",
      "[[-0.88371145 -0.45377163 -0.11465332  0.29550141]\n",
      " [-0.10389406  0.42904699 -0.89728742 -0.1116761 ]\n",
      " [ 0.45635524 -0.78103136 -0.42629791  2.89252227]\n",
      " [ 0.          0.          0.          1.        ]]\n",
      "result: \n",
      "[[-0.88 -0.45 -0.11  0.3 ]\n",
      " [-0.1   0.43 -0.9  -0.11]\n",
      " [ 0.46 -0.78 -0.43  2.89]\n",
      " [ 0.    0.    0.    1.  ]]\n"
     ]
    },
    {
     "name": "stdout",
     "output_type": "stream",
     "text": [
      "Found 6DoF pose of suitcase_1\n",
      "\n",
      "'suitcase' is not in gscene. Use manual input for initial guess\n",
      "\n",
      "Apply point-to-point ICP\n",
      "registration::RegistrationResult with fitness=9.171927e-01, inlier_rmse=6.224134e-02, and correspondence_set size of 4940\n",
      "Access transformation to get result.\n",
      "Transformation is:\n",
      "[[-0.59486104 -0.802213   -0.05093768 -0.09498328]\n",
      " [-0.25502412  0.24844247 -0.9344726   0.34701811]\n",
      " [ 0.76230115 -0.54289101 -0.35237241  1.81104217]\n",
      " [ 0.          0.          0.          1.        ]]\n",
      "Total ICP Transformation is:\n",
      "[[-0.59486104 -0.802213   -0.05093768 -0.09498328]\n",
      " [-0.25502412  0.24844247 -0.9344726   0.34701811]\n",
      " [ 0.76230115 -0.54289101 -0.35237241  1.81104217]\n",
      " [ 0.          0.          0.          1.        ]]\n",
      "initial: \n",
      "[[-0.59 -0.8  -0.05 -0.09]\n",
      " [-0.26  0.25 -0.93  0.35]\n",
      " [ 0.76 -0.54 -0.35  1.81]\n",
      " [ 0.    0.    0.    1.  ]]\n",
      "Apply point-to-point ICP\n",
      "registration::RegistrationResult with fitness=9.984785e-01, inlier_rmse=1.004378e-02, and correspondence_set size of 2625\n",
      "Access transformation to get result.\n",
      "Transformation is:\n",
      "[[-0.50020199 -0.86023507 -0.09896259 -0.08645209]\n",
      " [-0.34989452  0.30533782 -0.88563121  0.35347692]\n",
      " [ 0.79206805 -0.40836803 -0.45372212  1.88463152]\n",
      " [ 0.          0.          0.          1.        ]]\n",
      "Total ICP Transformation is:\n",
      "[[-0.50020199 -0.86023507 -0.09896259 -0.08645209]\n",
      " [-0.34989452  0.30533782 -0.88563121  0.35347692]\n",
      " [ 0.79206805 -0.40836803 -0.45372212  1.88463152]\n",
      " [ 0.          0.          0.          1.        ]]\n",
      "result: \n",
      "[[-0.5  -0.86 -0.1  -0.09]\n",
      " [-0.35  0.31 -0.89  0.35]\n",
      " [ 0.79 -0.41 -0.45  1.88]\n",
      " [ 0.    0.    0.    1.  ]]\n",
      "Found 6DoF pose of suitcase_2\n",
      "\n",
      "'suitcase' is not in gscene. Use manual input for initial guess\n",
      "\n",
      "Apply point-to-point ICP\n",
      "registration::RegistrationResult with fitness=9.520985e-01, inlier_rmse=9.159630e-02, and correspondence_set size of 2087\n",
      "Access transformation to get result.\n",
      "Transformation is:\n",
      "[[-0.87778593 -0.47901385  0.0061312   1.07762616]\n",
      " [-0.2278361   0.40617951 -0.88493441 -0.09067078]\n",
      " [ 0.42140547 -0.77817989 -0.4656753   2.50251001]\n",
      " [ 0.          0.          0.          1.        ]]\n",
      "Total ICP Transformation is:\n",
      "[[-0.87778593 -0.47901385  0.0061312   1.07762616]\n",
      " [-0.2278361   0.40617951 -0.88493441 -0.09067078]\n",
      " [ 0.42140547 -0.77817989 -0.4656753   2.50251001]\n",
      " [ 0.          0.          0.          1.        ]]\n",
      "initial: \n",
      "[[-0.88 -0.48  0.01  1.08]\n",
      " [-0.23  0.41 -0.88 -0.09]\n",
      " [ 0.42 -0.78 -0.47  2.5 ]\n",
      " [ 0.    0.    0.    1.  ]]\n",
      "Apply point-to-point ICP\n",
      "registration::RegistrationResult with fitness=8.128400e-01, inlier_rmse=2.060376e-02, and correspondence_set size of 747\n",
      "Access transformation to get result.\n",
      "Transformation is:\n",
      "[[-0.66684326 -0.73547217 -0.12000312  1.13934822]\n",
      " [-0.27950676  0.39613192 -0.87461733 -0.07502255]\n",
      " [ 0.69079377 -0.54969099 -0.46972735  2.60732501]\n",
      " [ 0.          0.          0.          1.        ]]\n",
      "Total ICP Transformation is:\n",
      "[[-0.66684326 -0.73547217 -0.12000312  1.13934822]\n",
      " [-0.27950676  0.39613192 -0.87461733 -0.07502255]\n",
      " [ 0.69079377 -0.54969099 -0.46972735  2.60732501]\n",
      " [ 0.          0.          0.          1.        ]]\n",
      "result: \n",
      "[[-0.67 -0.74 -0.12  1.14]\n",
      " [-0.28  0.4  -0.87 -0.08]\n",
      " [ 0.69 -0.55 -0.47  2.61]\n",
      " [ 0.    0.    0.    1.  ]]\n",
      "Found 6DoF pose of suitcase_3\n",
      "Total 4 suitcase in the scene\n",
      "Update existing suitcase in the scene\n",
      "Update existing suitcase in the scene\n",
      "Add new suitcase in the scene\n",
      "request 0 -> response 0\n",
      "==== Received color, depth image from remote camera ====\n"
     ]
    }
   ],
   "source": [
    "panda_arm1 = crob.robot_dict[\"panda_arm1\"]\n",
    "for theta0 in [-30, 0, 30]:\n",
    "    VIEW_LOC = crob.get_real_robot_pose()[:6]\n",
    "    VIEW_ARM = HOME_POSE_DEFAULT[6:] + np.deg2rad([theta0,-45,0,-70,0,70,-45])\n",
    "    VIEW_BAG = list(VIEW_LOC) + list(VIEW_ARM)\n",
    "    \n",
    "    crob.joint_move_make_sure(np.array(VIEW_BAG), ref_speed=np.pi/8)\n",
    "    \n",
    "    # for suitcase\n",
    "    micp.set_ICP_thres(thres_ICP=0.15, thres_front_ICP=0.06)\n",
    "    micp.set_multiobject_num(num=5)\n",
    "    pose_dict = micp.detect(name_mask=[\"suitcase\"], visualize=True)\n",
    "    \n",
    "    # add or update suitcase\n",
    "    add_update_object(gscene, crob, \"suitcase\", pose_dict, separate_dist=0.28,\n",
    "                      height = CARRIER_DIM[2]/2)\n",
    "    # save data\n",
    "    if SAVE_DATA:\n",
    "        color, depth, Qcur = micp.get_image()\n",
    "        cam_pose = viewpoint.get_tf(Qcur)\n",
    "        dcam.ready_saving(*micp.get_camera_config())\n",
    "        dcam.save_scene(color, depth, cam_pose)"
   ]
  },
  {
   "cell_type": "code",
   "execution_count": 23,
   "metadata": {},
   "outputs": [],
   "source": [
    "gcol_names = sorted([gname for gname in gscene.NAME_DICT.keys() \n",
    "                 if \"suitcase\" in gname and \"col\" in gname])\n",
    "bag_names = []\n",
    "\n",
    "for gcol_name in gcol_names:\n",
    "    bag_col_g = gscene.NAME_DICT[gcol_name]\n",
    "    bag_g = gscene.NAME_DICT[bag_col_g.parent]\n",
    "    bag_dim = bag_col_g.dims\n",
    "    bag_name = bag_g.name\n",
    "    bag_names.append(bag_name)\n",
    "    push_point_list = []\n",
    "    for i in range(4):\n",
    "        R = Rot_axis_series([3, 2], [np.pi/2*i, np.pi/2])\n",
    "        point = np.round(np.multiply(bag_dim, -R[:,2])/2, 4)\n",
    "        point[2] = -bag_dim[2]/2 + MOBILE_PUSH_HEIGHT\n",
    "        ap_name = \"side{}\".format(i)\n",
    "        push_point_list.append(FramePoint(ap_name, bag_g, point=point, rpy=Rot2rpy(R), key=MOBILE_PUSH_KEY))\n",
    "\n",
    "    slide_point = SlidePoint(\"bottom_p\", bag_g, point=(0,0,-bag_dim[2]/2-CLEARANCE), rpy=(0,0,0), \n",
    "                                               binded_on=floor_b, dist_push_min=0.1, dist_push_max=1.0, key=MOBILE_SLIDE_KEY)\n",
    "\n",
    "    bag_s = pscene.create_subject(oname=bag_name, gname=bag_name, _type=PushObject, \n",
    "                                  push_point_list=push_point_list, slide_point=slide_point)"
   ]
  },
  {
   "cell_type": "code",
   "execution_count": null,
   "metadata": {},
   "outputs": [],
   "source": []
  },
  {
   "cell_type": "markdown",
   "metadata": {},
   "source": [
    "## Add  ref waypoint"
   ]
  },
  {
   "cell_type": "code",
   "execution_count": 24,
   "metadata": {},
   "outputs": [],
   "source": [
    "table_body = gscene.NAME_DICT[TABLE_NAME]\n",
    "\n",
    "WP_NAME = \"wp_0\"\n",
    "WP_DIM = (0.1,0.1,0.01)\n",
    "WP_LOC = (0, -0.2, table_body.dims[2]/2)\n",
    "WP_RPY = (0,0,np.pi/2)\n",
    "\n",
    "wp_g = gscene.create_safe(GEOTYPE.BOX, WP_NAME, link_name=\"base_link\", \n",
    "                          dims=WP_DIM,\n",
    "                          center=(WP_LOC[0], WP_LOC[1], WP_LOC[2]), rpy=WP_RPY,\n",
    "                          fixed=True, collision=True, color=(0.0,0.0,0.8,1), parent=TABLE_NAME)\n",
    "\n",
    "waypoint_s = pscene.create_subject(oname=\"waypoints\", gname=TABLE_NAME, _type=WaypointTask,\n",
    "                                 action_points_dict={\n",
    "                                     wp_g.name: WayFrame(\n",
    "                                         wp_g.name, wp_g, [0, 0, wp_g.dims[2] / 2], [0, 0, 0])\n",
    "                                 })"
   ]
  },
  {
   "cell_type": "code",
   "execution_count": null,
   "metadata": {},
   "outputs": [],
   "source": []
  },
  {
   "cell_type": "markdown",
   "metadata": {},
   "source": [
    "### prepare planner"
   ]
  },
  {
   "cell_type": "code",
   "execution_count": 25,
   "metadata": {},
   "outputs": [
    {
     "name": "stdout",
     "output_type": "stream",
     "text": [
      "\u001b[91m[WARN] reach data is not ready for pmb. Ignoring this robot...\u001b[0m\n",
      "\u001b[91m[WARN] reach data is not ready for panda_arm. Ignoring this robot...\u001b[0m\n",
      "Dash is running on http://0.0.0.0:8050/\n",
      "\n",
      " * Serving Flask app \"pkg.ui.dash_launcher\" (lazy loading)\n",
      " * Environment: production\n",
      "   WARNING: This is a development server. Do not use it in a production deployment.\n",
      "   Use a production WSGI server instead.\n",
      " * Debug mode: off\n"
     ]
    }
   ],
   "source": [
    "from pkg.planning.filtering.grasp_filter import GraspChecker\n",
    "from pkg.planning.filtering.reach_filter import ReachChecker\n",
