{
 "cells": [
  {
   "cell_type": "code",
   "execution_count": 1,
   "metadata": {},
   "outputs": [
    {
     "name": "stdout",
     "output_type": "stream",
     "text": [
      "Mobile IP: 192.168.17.2\n",
      "ROBOT  IP: 192.168.17.2\n",
      "PANDA  IP: 192.168.17.3\n"
     ]
    }
   ],
   "source": [
    "import os\n",
    "import sys\n",
    "sys.path.append(os.path.join(os.path.join(\n",
    "    os.environ[\"RNB_PLANNING_DIR\"], 'src')))\n",
    "sys.path.append(os.path.join(\n",
    "    os.environ[\"RNB_PLANNING_DIR\"], 'src/scripts/demo_202107'))\n",
    "\n",
    "CONNECT_ROBOT = False\n",
    "CONNECT_MOBILE = False\n",
    "SAVE_DATA = False\n",
    "\n",
    "MOBILE_IP = \"192.168.17.2\"\n",
    "ROBOT_IP = \"192.168.17.2\"\n",
    "PANDA_IP = \"192.168.17.3\"\n",
    "\n",
    "print(\"Mobile IP: {}\".format(MOBILE_IP))\n",
    "print(\"ROBOT  IP: {}\".format(ROBOT_IP))\n",
    "print(\"PANDA  IP: {}\".format(PANDA_IP))\n",
    "\n",
    "sys.path.append(os.path.join(\n",
    "    os.environ[\"RNB_PLANNING_DIR\"], 'src/scripts/developing/multiobject'))\n",
    "\n",
    "from concurrent import futures\n",
    "import logging\n",
    "import math\n",
    "import time\n",
    "import cv2\n",
    "import numpy as np\n",
    "import grpc\n",
    "import RemoteCam_pb2\n",
    "import RemoteCam_pb2_grpc\n",
    "\n",
    "MAX_MESSAGE_LENGTH = 10000000\n",
    "PORT_CAM = 10509"
   ]
  },
  {
   "cell_type": "code",
   "execution_count": 2,
   "metadata": {},
   "outputs": [],
   "source": [
    "from enum import Enum\n",
    "class ExpType(Enum):\n",
    "    REMOVE_OBS=0\n",
    "    CONTACT_TAR=1\n",
    "\n",
    "EXP_SCENARIO = ExpType.CONTACT_TAR"
   ]
  },
  {
   "cell_type": "code",
   "execution_count": 3,
   "metadata": {},
   "outputs": [
    {
     "name": "stdout",
     "output_type": "stream",
     "text": [
      "connection command:\n",
      "pmb0: False\n",
      "panda_arm1: False\n"
     ]
    }
   ],
   "source": [
    "ROBOT_BASE_OFFSET = (0,0,0.592)\n",
    "ROBOT_BASE_RPY = (0,0,0)\n",
    "TOOL_NAME = \"brush_face\"\n",
    "WALL_THICKNESS = 0.01\n",
    "CLEARANCE = 0.001\n",
    "WS_HEIGHT = 1.7\n",
    "COL_COLOR = (1,1,1,0.2)\n",
    "    \n",
    "if EXP_SCENARIO == ExpType.REMOVE_OBS: ## Obstacle removing\n",
    "    BAG_COUNT = 5\n",
    "    CLOCK_COUNT = 0\n",
    "    TARGET_COUNT = 5\n",
    "    LOG_FORCE = False\n",
    "else: ## Contact \n",
    "    BAG_COUNT = 3\n",
    "    CLOCK_COUNT = 3\n",
    "    TARGET_COUNT = 5\n",
    "    LOG_FORCE = True\n",
    "\n",
    "from pkg.controller.combined_robot import *\n",
    "from pkg.project_config import *\n",
    "\n",
    "kiro_udp_client.KIRO_UDP_OFFLINE_DEBUG = not CONNECT_MOBILE\n",
    "\n",
    "mobile_config = RobotConfig(0, RobotType.pmb, ((0,0,0), (0,0,0)), MOBILE_IP)\n",
    "robot_config = RobotConfig(1, RobotType.panda_arm, \n",
    "                           (ROBOT_BASE_OFFSET, ROBOT_BASE_RPY),\n",
    "                           \"{}/{}\".format(ROBOT_IP, PANDA_IP), root_on=\"pmb0_platform\")\n",
    "\n",
    "ROBOT_TYPE = robot_config.type\n",
    "MOBILE_NAME = mobile_config.get_indexed_name()\n",
    "ROBOT_NAME = robot_config.get_indexed_name()\n",
    "crob = CombinedRobot(robots_on_scene=[mobile_config, robot_config],\n",
    "                     connection_list=[CONNECT_MOBILE, CONNECT_ROBOT])"
   ]
  },
  {
   "cell_type": "code",
   "execution_count": null,
   "metadata": {},
   "outputs": [],
   "source": []
  },
  {
   "cell_type": "markdown",
   "metadata": {},
   "source": [
    "### Make scene"
   ]
  },
  {
   "cell_type": "code",
   "execution_count": 4,
   "metadata": {
    "scrolled": true
   },
   "outputs": [
    {
     "name": "stdout",
     "output_type": "stream",
     "text": [
      "Unable to register with master node [http://localhost:11311]: master may not be running yet. Will keep trying.\n",
      "Please create a subscriber to the marker\n",
      "publication OK\n",
      "published: [0, 0, 0, 0, 0, 0, 0, 0, 0, 0, 0, 0, 0]\n",
      "Please create a subscriber to the marker\n"
     ]
    }
   ],
   "source": [
    "from pkg.geometry.builder.scene_builder import SceneBuilder\n",
    "from pkg.planning.scene import PlanningScene\n",
    "\n",
    "s_builder = SceneBuilder(None)\n",
    "gscene = s_builder.create_gscene(crob)\n",
    "gtems = s_builder.add_robot_geometries(\n",
    "    color=COL_COLOR, display=True, collision=True)\n",
    "\n",
    "gscene.set_workspace_boundary(\n",
    "    -1, 4, -2.5, 2.5, -CLEARANCE, WS_HEIGHT, thickness=WALL_THICKNESS)\n",
    "\n",
    "gscene.show_pose(crob.home_pose)\n",
    "crob.simulator.gscene=gscene"
   ]
  },
  {
   "cell_type": "code",
   "execution_count": null,
   "metadata": {},
   "outputs": [],
   "source": []
  },
  {
   "cell_type": "markdown",
   "metadata": {},
   "source": [
    "### Planning scene"
   ]
  },
  {
   "cell_type": "code",
   "execution_count": 5,
   "metadata": {},
   "outputs": [],
   "source": [
    "from pkg.geometry.geometry import *\n",
    "from pkg.utils.code_scraps import *\n",
    "from pkg.planning.constraint.constraint_subject import *\n",
    "from pkg.planning.constraint.constraint_actor import *\n",
    "from exp_config import *\n",
    "\n",
    "pscene = PlanningScene(gscene, combined_robot=crob)"
   ]
  },
  {
   "cell_type": "code",
   "execution_count": 6,
   "metadata": {},
   "outputs": [],
   "source": [
    "ROBOT_BASE = pscene.robot_chain_dict[ROBOT_NAME]['link_names'][0]\n",
    "TIP_LINK = pscene.robot_chain_dict[ROBOT_NAME][\"tip_link\"]\n",
    "MOBILE_BASE = pscene.robot_chain_dict[MOBILE_NAME][\"tip_link\"]\n",
    "HOLD_LINK = MOBILE_BASE\n",
    "BRUSH_NAME = \"brush_face\"\n",
    "theta = -np.pi*3/4\n",
    "viewpoint  = add_panda_cam(gscene, tool_link=TIP_LINK, theta=theta)\n",
    "brush_face = add_panda_brush(gscene, tool_link=TIP_LINK, theta=theta, brush_name=BRUSH_NAME)\n",
    "\n",
    "point_brush, rpy_brush = (0,0,-brush_face.dims[2]/2), (0,0,0)\n",
    "brush_b = pscene.create_binder(BRUSH_NAME, BRUSH_NAME, WayFramer, point=point_brush, rpy=rpy_brush)\n",
    "gscene.show_pose(crob.home_pose)\n",
    "\n",
    "MOBILE_PUSH_NAME = \"mpush\"\n",
    "MOBILE_PUSH_HEIGHT = 0.4\n",
    "MOBILE_PUSH_KEY = 1\n",
    "MOBILE_SLIDE_KEY = 2\n",
    "front_dist = 0.31\n",
    "mpush_g = gscene.create_safe(GEOTYPE.SPHERE, MOBILE_PUSH_NAME, link_name=HOLD_LINK,dims=(0.01,0.01,0.01),\n",
    "                           center=(front_dist, 0, MOBILE_PUSH_HEIGHT), rpy=(0,np.pi/2,0),\n",
    "                           fixed=True, collision=False, color=(1,0,0,0.5))\n",
    "mpush_b = pscene.create_binder(MOBILE_PUSH_NAME, MOBILE_PUSH_NAME, FramedTool, point=(0,0,0), rpy=(0,0,0), key=MOBILE_PUSH_KEY)\n",
    "\n",
    "floor_b = pscene.create_binder(\"floor_ws\", \"floor_ws\", PlaceFrame, point=(0,0,WALL_THICKNESS/2), key=MOBILE_SLIDE_KEY)\n",
    "\n",
    "TOOL_PUSH_NAME = \"tpush\"\n",
    "TOOL_PUSH_HEIGHT = 0.03\n",
    "TOOL_PUSH_KEY = 10\n",
    "TOOL_SLIDE_KEY = 11\n",
    "brush_col = gscene.NAME_DICT[BRUSH_NAME+\"_col\"]\n",
    "TOOL_DIM = brush_col.dims\n",
    "\n",
    "center_push, rpy_push = (TOOL_DIM[0]/2+CLEARANCE, 0, 0), (0,np.pi/2,0)    \n",
    "tpush_g = gscene.create_safe(GEOTYPE.SPHERE, TOOL_PUSH_NAME, link_name=TIP_LINK,dims=(0.01,0.01,0.01),\n",
    "                           center=center_push, rpy=rpy_push,\n",
    "                           fixed=True, collision=False, color=(1,0,0,0.5), parent=BRUSH_NAME)\n",
    "tpush_b = pscene.create_binder(TOOL_PUSH_NAME, TOOL_PUSH_NAME, FramedTool, point=(0,0,0), rpy=(0,0,0), key=TOOL_PUSH_KEY)"
   ]
  },
  {
   "cell_type": "code",
   "execution_count": null,
   "metadata": {},
   "outputs": [],
   "source": []
  },
  {
   "cell_type": "markdown",
   "metadata": {},
   "source": [
    "### MultiICP Detector"
   ]
  },
  {
   "cell_type": "code",
   "execution_count": 7,
   "metadata": {},
   "outputs": [],
   "source": [
    "from pkg.detector.multiICP.multiICP import MultiICP, MultiICP_Obj\n",
    "from pkg.detector.multiICP.config import *\n",
    "from pkg.detector.camera.realsense import RealSense\n",
    "from pkg.detector.detector_interface import DetectionLevel\n",
    "\n",
    "import open3d as o3d\n",
    "import numpy as np\n",
    "\n",
    "CONNECT_CAM = False\n",
    "REMOTE_CAM = True\n",
    "\n",
    "CARRIER_DIM = (0.4, 0.29, 0.635)\n",
    "CLOCK_DIM = (0.138, 0.05, 0.078)\n",
    "TABLE_DIM = (1.6, 0.8, 0.725)"
   ]
  },
  {
   "cell_type": "code",
   "execution_count": 8,
   "metadata": {},
   "outputs": [
    {
     "name": "stdout",
     "output_type": "stream",
     "text": [
      "Camera is not set - skip initialization, use remote camera\n",
      "request 0 -> response 0\n",
      "==== Received camera config from remote camera ====\n"
     ]
    }
   ],
   "source": [
    "from demo_utils.data_reconstructed_camera import DataRecontructedCamera\n",
    "dcam = DataRecontructedCamera(crob, viewpoint)\n",
    "# if not CONNECT_CAM and not REMOTE_CAM:\n",
    "#     dcam.initialize()\n",
    "\n",
    "if CONNECT_CAM:\n",
    "    realsense = RealSense()\n",
    "    micp = MultiICP(realsense)\n",
    "    micp.initialize()\n",
    "else:\n",
    "    if REMOTE_CAM:\n",
    "        # use remote camera\n",
    "        micp = MultiICP(None)\n",
    "        micp.initialize(remote_cam=REMOTE_CAM)\n",
    "        dcam.ready_saving(*micp.get_camera_config())\n",
    "        cam_pose = viewpoint.get_tf(VIEW_POSE_EXT)\n",
    "    else:\n",
    "        # use manually given camera configs\n",
    "        micp = MultiICP(None)\n",
    "        config_list, img_dim = load_pickle(RNB_PLANNING_DIR+\"release/multiICP_data/cam_configs.pkl\")\n",
    "        micp.initialize(config_list, img_dim)\n",
    "#         micp = MultiICP(dcam)\n",
    "#         micp.initialize()"
   ]
  },
  {
   "cell_type": "code",
   "execution_count": null,
   "metadata": {},
   "outputs": [],
   "source": []
  },
  {
   "cell_type": "markdown",
   "metadata": {},
   "source": [
    "### Shared Detector"
   ]
  },
  {
   "cell_type": "code",
   "execution_count": 9,
   "metadata": {},
   "outputs": [],
   "source": [
    "from pkg.utils.shared_function import clear_channels_on, sa\n",
    "clear_channels_on(\"SharedDetector\")\n",
    "\n",
    "from pkg.detector.multiICP.shared_detector import SharedDetectorGen\n",
    "sd = SharedDetectorGen(tuple(reversed(micp.dsize))+(3,))()\n",
    "sd.init()"
   ]
  },
  {
   "cell_type": "code",
   "execution_count": null,
   "metadata": {},
   "outputs": [],
   "source": []
  },
  {
   "cell_type": "markdown",
   "metadata": {},
   "source": [
    "### Set ICP Config"
   ]
  },
  {
   "cell_type": "code",
   "execution_count": 10,
   "metadata": {},
   "outputs": [],
   "source": [
    "# Load config file of object information\n",
    "obj_info_dict = get_obj_info()"
   ]
  },
  {
   "cell_type": "code",
   "execution_count": 11,
   "metadata": {},
   "outputs": [],
   "source": [
    "micp_suitcase = MultiICP_Obj(obj_info_dict[\"suitcase\"], None,\n",
    "                        OffsetOnModelCoord(\"suitcase\", R=np.matmul(Rot_axis(1, np.pi/2), Rot_axis(3, np.pi/2)), offset=(0.,0.,0.11)))\n",
    "\n",
    "\n",
    "micp_clock = MultiICP_Obj(obj_info_dict[\"clock\"], None,\n",
    "                        OffsetOnModelCoord(\"clock\", R=Rot_axis(1, np.pi/2), offset=(-0.07,0.03,0.)))\n",
    "\n",
    "\n",
    "micp_table = MultiICP_Obj(obj_info_dict[\"dining table\"], None,\n",
    "                        OffsetOnModelCoord(\"dining table\", R=Rot_axis(1, 3*np.pi/4), offset=(0.,0.35,0.6)))"
   ]
  },
  {
   "cell_type": "code",
   "execution_count": 12,
   "metadata": {},
   "outputs": [],
   "source": [
    "micp_dict = {\"suitcase\": micp_suitcase, \"clock\": micp_clock, \"dining table\": micp_table}\n",
    "micp.set_config(micp_dict, sd, crob, viewpoint)"
   ]
  },
  {
   "cell_type": "code",
   "execution_count": null,
   "metadata": {},
   "outputs": [],
   "source": []
  },
  {
   "cell_type": "markdown",
   "metadata": {},
   "source": [
    "## Table"
   ]
  },
  {
   "cell_type": "code",
   "execution_count": 13,
   "metadata": {},
   "outputs": [],
   "source": [
    "VIEW_LOC = crob.get_real_robot_pose()[:6]\n",
    "VIEW_ARM = crob.home_pose[6:] + np.deg2rad([0,0,0,0,0,45,-45])\n",
    "VIEW_TABLE = list(VIEW_LOC) + list(VIEW_ARM)\n",
    "crob.joint_move_make_sure(np.array(VIEW_TABLE), ref_speed=np.pi/10)"
   ]
  },
  {
   "cell_type": "code",
   "execution_count": 14,
   "metadata": {},
   "outputs": [],
   "source": [
    "TABLE_DIM = (0.6, 1.2, 0.7)\n",
    "TABLE_NAME = \"table\"\n",
    "TABLE_LOC = (3, 0, TABLE_DIM[2]/2)\n",
    "TABLE_RPY = (0,0,0)"
   ]
  },
  {
   "cell_type": "code",
   "execution_count": 15,
   "metadata": {},
   "outputs": [],
   "source": [
    "table_g = gscene.create_safe(GEOTYPE.BOX, TABLE_NAME, link_name=\"base_link\", dims=TABLE_DIM,\n",
    "                             center=TABLE_LOC, rpy=TABLE_RPY,\n",
    "                             fixed=True, collision=True, color=(0.8,0.8,0.8,1))\n",
    "table_b = pscene.create_binder(TABLE_NAME, TABLE_NAME, PlaceFrame, point=(0,0,TABLE_DIM[2]/2), key=TOOL_SLIDE_KEY)\n",
    "gscene.add_virtual_guardrail(table_g, HEIGHT=0.01, axis=\"xy\")"
   ]
  },
  {
   "cell_type": "code",
   "execution_count": 16,
   "metadata": {
    "scrolled": true
   },
   "outputs": [
    {
     "name": "stdout",
     "output_type": "stream",
     "text": [
      "name_mask is ['dining table']\n",
      "request 0 -> response 0\n",
      "==== Received color, depth image from remote camera ====\n",
      "Maximun num of object for detection : 1\n",
      "===== Detected : dining table, 2 object(s) =====\n",
      "[NOTICE] You choose merge option for mask. Detected masks would be merged.\n",
      "\n",
      "'dining table' is not in gscene. Use manual input for initial guess\n",
      "\n",
      "Apply point-to-point ICP\n",
      "registration::RegistrationResult with fitness=9.879931e-01, inlier_rmse=1.947911e-01, and correspondence_set size of 1152\n",
      "Access transformation to get result.\n",
      "Transformation is:\n",
      "[[ 9.23803580e-01  2.92165498e-01 -2.47439412e-01 -2.29148911e-01]\n",
      " [-2.69452980e-03 -6.41303445e-01 -7.67282606e-01  6.58697608e-02]\n",
      " [-3.82857265e-01  7.09485151e-01 -5.91651170e-01  4.04995170e+00]\n",
      " [ 0.00000000e+00  0.00000000e+00  0.00000000e+00  1.00000000e+00]]\n",
      "Total ICP Transformation is:\n",
      "[[ 9.23803580e-01  2.92165498e-01 -2.47439412e-01 -2.29148911e-01]\n",
      " [-2.69452980e-03 -6.41303445e-01 -7.67282606e-01  6.58697608e-02]\n",
      " [-3.82857265e-01  7.09485151e-01 -5.91651170e-01  4.04995170e+00]\n",
      " [ 0.00000000e+00  0.00000000e+00  0.00000000e+00  1.00000000e+00]]\n",
      "initial: \n",
      "[[ 0.92  0.29 -0.25 -0.23]\n",
      " [-0.   -0.64 -0.77  0.07]\n",
      " [-0.38  0.71 -0.59  4.05]\n",
      " [ 0.    0.    0.    1.  ]]\n",
      "Apply point-to-point ICP\n",
      "registration::RegistrationResult with fitness=6.897275e-01, inlier_rmse=9.339340e-02, and correspondence_set size of 329\n",
      "Access transformation to get result.\n",
      "Transformation is:\n",
      "[[ 0.93486261  0.3335336  -0.12160274 -0.33394834]\n",
      " [ 0.03230388 -0.42103366 -0.90646957  0.22113049]\n",
      " [-0.35353692  0.84349627 -0.40438305  3.97423467]\n",
      " [ 0.          0.          0.          1.        ]]\n",
      "Total ICP Transformation is:\n",
      "[[ 0.93486261  0.3335336  -0.12160274 -0.33394834]\n",
      " [ 0.03230388 -0.42103366 -0.90646957  0.22113049]\n",
      " [-0.35353692  0.84349627 -0.40438305  3.97423467]\n",
      " [ 0.          0.          0.          1.        ]]\n",
      "result: \n",
      "[[ 0.93  0.33 -0.12 -0.33]\n",
      " [ 0.03 -0.42 -0.91  0.22]\n",
      " [-0.35  0.84 -0.4   3.97]\n",
      " [ 0.    0.    0.    1.  ]]\n",
      "Found 6DoF pose of dining table_1\n"
     ]
    }
   ],
   "source": [
    "# for dining table\n",
    "micp.set_ICP_thres(thres_ICP=0.6, thres_front_ICP=0.18)\n",
    "# micp.set_multiobject_num(num = 1)\n",
    "micp.set_merge_mask(merge=True)\n",
    "pose_dict = micp.detect(name_mask=[\"dining table\"], visualize=True)"
   ]
  },
  {
   "cell_type": "code",
   "execution_count": 17,
   "metadata": {},
   "outputs": [],
   "source": [
    "# add table\n",
    "center, rpy = pose_refine(\"dining table\", pose_dict[\"dining table_1\"])\n",
    "table_vis = add_table(gscene, TABLE_NAME, center, rpy)"
   ]
  },
  {
   "cell_type": "markdown",
   "metadata": {},
   "source": [
    "#### [SAVE DATA]"
   ]
  },
  {
   "cell_type": "code",
   "execution_count": null,
   "metadata": {},
   "outputs": [],
   "source": [
    "if SAVE_DATA:\n",
    "    color, depth, Qcur = micp.get_image()\n",
    "    cam_pose = viewpoint.get_tf(Qcur)\n",
    "    dcam.ready_saving(*micp.get_camera_config())\n",
    "    dcam.save_scene(color, depth, cam_pose)"
   ]
  },
  {
   "cell_type": "code",
   "execution_count": null,
   "metadata": {},
   "outputs": [],
   "source": []
  },
  {
   "cell_type": "markdown",
   "metadata": {},
   "source": [
    "## Waypoints"
   ]
  },
  {
   "cell_type": "code",
   "execution_count": 18,
   "metadata": {},
   "outputs": [],
   "source": [
    "# WP_NAME = \"wp_{}\"\n",
    "# WP_DIM = (0.1,0.1,0.01)\n",
    "# WP_LOC = (-0.2, 0.0, TABLE_DIM[2]/2+WP_DIM[2]/2)\n",
    "# WP_RPY = (0,0,0)\n",
    "\n",
    "# wp_g_list = []\n",
    "# for i_t in range(TARGET_COUNT):\n",
    "#     wp_g = gscene.create_safe(GEOTYPE.BOX, WP_NAME.format(i_t), link_name=\"base_link\", dims=WP_DIM,\n",
    "#                               center=(WP_LOC[0], WP_LOC[1]-0.4+i_t*0.2, WP_LOC[2]), rpy=WP_RPY,\n",
    "#                               fixed=True, collision=True, color=(0.0,0.0,0.8,1), parent=TABLE_NAME)\n",
    "#     wp_g_list.append(wp_g)\n",
    "# waypoint_s = pscene.create_subject(oname=\"waypoints\", gname=TABLE_NAME, _type=WaypointTask,\n",
    "#                                  action_points_dict={\n",
    "#                                      wp_g.name: WayFrame(\n",
    "#                                          wp_g.name, wp_g, [0, 0, wp_g.dims[2] / 2], [0, 0, 0])\n",
    "#                                      for wp_g in wp_g_list\n",
    "#                                  })"
   ]
  },
  {
   "cell_type": "code",
   "execution_count": 19,
   "metadata": {},
   "outputs": [],
   "source": [
    "table_body_col = gscene.NAME_DICT[\"table_body_col\"]"
   ]
  },
  {
   "cell_type": "code",
   "execution_count": 20,
   "metadata": {},
   "outputs": [],
   "source": [
    "WP_NAME = \"wp_0\"\n",
    "WP_DIM = (0.1,0.1,0.01)\n",
    "WP_LOC = (0, -0.2, table_body_col.center_child[2]+table_body_col.dims[2]/2)\n",
    "WP_RPY = (0,0,0)\n",
    "\n",
    "wp_g = gscene.create_safe(GEOTYPE.BOX, WP_NAME, link_name=\"base_link\", \n",
    "                          dims=WP_DIM,\n",
    "                          center=(WP_LOC[0], WP_LOC[1], WP_LOC[2]), rpy=WP_RPY,\n",
    "                          fixed=True, collision=True, color=(0.0,0.0,0.8,1), parent=TABLE_NAME)\n",
    "\n",
    "waypoint_s = pscene.create_subject(oname=\"waypoints\", gname=TABLE_NAME, _type=WaypointTask,\n",
    "                                 action_points_dict={\n",
    "                                     wp_g.name: WayFrame(\n",
    "                                         wp_g.name, wp_g, [0, 0, wp_g.dims[2] / 2], [0, 0, 0])\n",
    "                                 })"
   ]
  },
  {
   "cell_type": "code",
   "execution_count": null,
   "metadata": {},
   "outputs": [],
   "source": []
  },
  {
   "cell_type": "markdown",
   "metadata": {},
   "source": [
    "## Bag"
   ]
  },
  {
   "cell_type": "code",
   "execution_count": 26,
   "metadata": {},
   "outputs": [
    {
     "name": "stdout",
     "output_type": "stream",
     "text": [
      "name_mask is ['suitcase']\n",
      "request 0 -> response 0\n",
      "==== Received color, depth image from remote camera ====\n",
      "Maximun num of object for detection : 5\n",
      "===== Detected : suitcase, 2 object(s) =====\n",
      "\n",
      "'suitcase' is not in gscene. Use manual input for initial guess\n",
      "\n",
      "Apply point-to-point ICP\n",
      "registration::RegistrationResult with fitness=9.962136e-01, inlier_rmse=8.220048e-02, and correspondence_set size of 7630\n",
      "Access transformation to get result.\n",
      "Transformation is:\n",
      "[[ 0.92151093 -0.35669863 -0.15356982 -0.66902318]\n",
      " [-0.27391659 -0.31667294 -0.90812331  0.37682579]\n",
      " [ 0.27529494  0.87891088 -0.38952325  1.56758237]\n",
      " [ 0.          0.          0.          1.        ]]\n",
      "Total ICP Transformation is:\n",
      "[[ 0.92151093 -0.35669863 -0.15356982 -0.66902318]\n",
      " [-0.27391659 -0.31667294 -0.90812331  0.37682579]\n",
      " [ 0.27529494  0.87891088 -0.38952325  1.56758237]\n",
      " [ 0.          0.          0.          1.        ]]\n",
      "initial: \n",
      "[[ 0.92 -0.36 -0.15 -0.67]\n",
      " [-0.27 -0.32 -0.91  0.38]\n",
      " [ 0.28  0.88 -0.39  1.57]\n",
      " [ 0.    0.    0.    1.  ]]\n",
      "Apply point-to-point ICP\n",
      "registration::RegistrationResult with fitness=9.882870e-01, inlier_rmse=1.614280e-02, and correspondence_set size of 3375\n",
      "Access transformation to get result.\n",
      "Transformation is:\n",
      "[[ 0.99651839 -0.03453175 -0.07588583 -0.71454028]\n",
      " [-0.08271284 -0.52380732 -0.84781158  0.40305873]\n",
      " [-0.01047313  0.85113657 -0.52483984  1.66382658]\n",
      " [ 0.          0.          0.          1.        ]]\n",
      "Total ICP Transformation is:\n",
      "[[ 0.99651839 -0.03453175 -0.07588583 -0.71454028]\n",
      " [-0.08271284 -0.52380732 -0.84781158  0.40305873]\n",
      " [-0.01047313  0.85113657 -0.52483984  1.66382658]\n",
      " [ 0.          0.          0.          1.        ]]\n",
      "result: \n",
      "[[ 1.   -0.03 -0.08 -0.71]\n",
      " [-0.08 -0.52 -0.85  0.4 ]\n",
      " [-0.01  0.85 -0.52  1.66]\n",
      " [ 0.    0.    0.    1.  ]]\n",
      "Found 6DoF pose of suitcase_1\n",
      "\n",
      "'suitcase' is not in gscene. Use manual input for initial guess\n",
      "\n",
      "Apply point-to-point ICP\n",
      "registration::RegistrationResult with fitness=1.000000e+00, inlier_rmse=8.991877e-02, and correspondence_set size of 2921\n",
      "Access transformation to get result.\n",
      "Transformation is:\n",
      "[[ 0.94753826 -0.271537   -0.16863837 -0.69906379]\n",
      " [-0.2561704  -0.3295549  -0.90871904 -0.05960728]\n",
      " [ 0.19117524  0.90424622 -0.38182562  2.40894605]\n",
      " [ 0.          0.          0.          1.        ]]\n",
      "Total ICP Transformation is:\n",
      "[[ 0.94753826 -0.271537   -0.16863837 -0.69906379]\n",
      " [-0.2561704  -0.3295549  -0.90871904 -0.05960728]\n",
      " [ 0.19117524  0.90424622 -0.38182562  2.40894605]\n",
      " [ 0.          0.          0.          1.        ]]\n",
      "initial: \n",
      "[[ 0.95 -0.27 -0.17 -0.7 ]\n",
      " [-0.26 -0.33 -0.91 -0.06]\n",
      " [ 0.19  0.9  -0.38  2.41]\n",
      " [ 0.    0.    0.    1.  ]]\n",
      "Apply point-to-point ICP\n",
      "registration::RegistrationResult with fitness=9.533333e-01, inlier_rmse=2.242404e-02, and correspondence_set size of 1144\n",
      "Access transformation to get result.\n",
      "Transformation is:\n",
      "[[ 0.97699824 -0.17555597 -0.12105595 -0.72296923]\n",
      " [-0.19814484 -0.53751924 -0.8196412  -0.06289888]\n",
      " [ 0.078823    0.82477462 -0.55994086  2.52969082]\n",
      " [ 0.          0.          0.          1.        ]]\n",
      "Total ICP Transformation is:\n",
      "[[ 0.97699824 -0.17555597 -0.12105595 -0.72296923]\n",
      " [-0.19814484 -0.53751924 -0.8196412  -0.06289888]\n",
      " [ 0.078823    0.82477462 -0.55994086  2.52969082]\n",
      " [ 0.          0.          0.          1.        ]]\n",
      "result: \n",
      "[[ 0.98 -0.18 -0.12 -0.72]\n",
      " [-0.2  -0.54 -0.82 -0.06]\n",
      " [ 0.08  0.82 -0.56  2.53]\n",
      " [ 0.    0.    0.    1.  ]]\n",
      "Found 6DoF pose of suitcase_2\n",
      "Total 0 suitcase in the scene\n",
      "Add new suitcase in the scene\n",
      "Add new suitcase in the scene\n",
      "name_mask is ['suitcase']\n",
      "request 0 -> response 0\n",
      "==== Received color, depth image from remote camera ====\n",
      "Maximun num of object for detection : 5\n",
      "===== Detected : suitcase, 4 object(s) =====\n",
      "\n",
      "'suitcase' is not in gscene. Use manual input for initial guess\n",
      "\n",
      "Apply point-to-point ICP\n",
      "registration::RegistrationResult with fitness=1.000000e+00, inlier_rmse=9.521175e-02, and correspondence_set size of 2658\n",
      "Access transformation to get result.\n",
      "Transformation is:\n",
      "[[-0.93980783 -0.28707294 -0.18533852  0.65032412]\n",
      " [ 0.0592453   0.39728637 -0.91578029 -0.1996751 ]\n",
      " [ 0.33652821 -0.87163792 -0.35636511  2.39157303]\n",
      " [ 0.          0.          0.          1.        ]]\n",
      "Total ICP Transformation is:\n",
      "[[-0.93980783 -0.28707294 -0.18533852  0.65032412]\n",
      " [ 0.0592453   0.39728637 -0.91578029 -0.1996751 ]\n",
      " [ 0.33652821 -0.87163792 -0.35636511  2.39157303]\n",
      " [ 0.          0.          0.          1.        ]]\n",
      "initial: \n",
      "[[-0.94 -0.29 -0.19  0.65]\n",
      " [ 0.06  0.4  -0.92 -0.2 ]\n",
      " [ 0.34 -0.87 -0.36  2.39]\n",
      " [ 0.    0.    0.    1.  ]]\n",
      "Apply point-to-point ICP\n",
      "registration::RegistrationResult with fitness=9.184044e-01, inlier_rmse=2.376018e-02, and correspondence_set size of 1013\n",
      "Access transformation to get result.\n",
      "Transformation is:\n",
      "[[-0.93021346 -0.31138664 -0.19427113  0.67720519]\n",
      " [-0.01973082  0.57098418 -0.82072393 -0.20313347]\n",
      " [ 0.36648821 -0.75961532 -0.53728108  2.51289251]\n",
      " [ 0.          0.          0.          1.        ]]\n",
      "Total ICP Transformation is:\n",
      "[[-0.93021346 -0.31138664 -0.19427113  0.67720519]\n",
      " [-0.01973082  0.57098418 -0.82072393 -0.20313347]\n",
      " [ 0.36648821 -0.75961532 -0.53728108  2.51289251]\n",
      " [ 0.          0.          0.          1.        ]]\n",
      "result: \n",
      "[[-0.93 -0.31 -0.19  0.68]\n",
      " [-0.02  0.57 -0.82 -0.2 ]\n",
      " [ 0.37 -0.76 -0.54  2.51]\n",
      " [ 0.    0.    0.    1.  ]]\n",
      "Found 6DoF pose of suitcase_1\n",
      "\n",
      "'suitcase' is not in gscene. Use manual input for initial guess\n",
      "\n",
      "Apply point-to-point ICP\n",
      "registration::RegistrationResult with fitness=9.844591e-01, inlier_rmse=7.900825e-02, and correspondence_set size of 6588\n",
      "Access transformation to get result.\n",
      "Transformation is:\n",
      "[[-0.98069566 -0.17183414 -0.09332226  0.21337395]\n",
      " [ 0.01726773  0.399285   -0.91666423  0.24308523]\n",
      " [ 0.19477639 -0.9005801  -0.38860988  1.6894713 ]\n",
      " [ 0.          0.          0.          1.        ]]\n",
      "Total ICP Transformation is:\n",
      "[[-0.98069566 -0.17183414 -0.09332226  0.21337395]\n",
      " [ 0.01726773  0.399285   -0.91666423  0.24308523]\n",
      " [ 0.19477639 -0.9005801  -0.38860988  1.6894713 ]\n",
      " [ 0.          0.          0.          1.        ]]\n",
      "initial: \n",
      "[[-0.98 -0.17 -0.09  0.21]\n",
      " [ 0.02  0.4  -0.92  0.24]\n",
      " [ 0.19 -0.9  -0.39  1.69]\n",
      " [ 0.    0.    0.    1.  ]]\n",
      "Apply point-to-point ICP\n",
      "registration::RegistrationResult with fitness=9.885655e-01, inlier_rmse=1.207760e-02, and correspondence_set size of 2853\n",
      "Access transformation to get result.\n",
      "Transformation is:\n",
      "[[-0.91644573 -0.38720684 -0.10098558  0.20126189]\n",
      " [-0.13104487  0.528853   -0.83853547  0.23800287]\n",
      " [ 0.37809319 -0.75523861 -0.53540655  1.78361673]\n",
      " [ 0.          0.          0.          1.        ]]\n",
      "Total ICP Transformation is:\n",
      "[[-0.91644573 -0.38720684 -0.10098558  0.20126189]\n",
      " [-0.13104487  0.528853   -0.83853547  0.23800287]\n",
      " [ 0.37809319 -0.75523861 -0.53540655  1.78361673]\n",
      " [ 0.          0.          0.          1.        ]]\n",
      "result: \n",
      "[[-0.92 -0.39 -0.1   0.2 ]\n",
      " [-0.13  0.53 -0.84  0.24]\n",
      " [ 0.38 -0.76 -0.54  1.78]\n",
      " [ 0.    0.    0.    1.  ]]\n",
      "Found 6DoF pose of suitcase_2\n",
      "\n",
      "'suitcase' is not in gscene. Use manual input for initial guess\n",
      "\n",
      "Apply point-to-point ICP\n",
      "registration::RegistrationResult with fitness=1.000000e+00, inlier_rmse=9.222953e-02, and correspondence_set size of 2445\n",
      "Access transformation to get result.\n",
      "Transformation is:\n",
      "[[ 0.95019759 -0.30524674 -0.06284087 -1.40805682]\n",
      " [-0.19413991 -0.42202711 -0.88555227 -0.15504976]\n",
      " [ 0.24379139  0.85364955 -0.46026971  2.82509574]\n",
      " [ 0.          0.          0.          1.        ]]\n",
      "Total ICP Transformation is:\n",
      "[[ 0.95019759 -0.30524674 -0.06284087 -1.40805682]\n",
      " [-0.19413991 -0.42202711 -0.88555227 -0.15504976]\n",
      " [ 0.24379139  0.85364955 -0.46026971  2.82509574]\n",
      " [ 0.          0.          0.          1.        ]]\n",
      "initial: \n",
      "[[ 0.95 -0.31 -0.06 -1.41]\n",
      " [-0.19 -0.42 -0.89 -0.16]\n",
      " [ 0.24  0.85 -0.46  2.83]\n",
      " [ 0.    0.    0.    1.  ]]\n",
      "Apply point-to-point ICP\n",
      "registration::RegistrationResult with fitness=8.149079e-01, inlier_rmse=2.323301e-02, and correspondence_set size of 973\n",
      "Access transformation to get result.\n",
      "Transformation is:\n",
      "[[ 0.9920131  -0.10709517 -0.06663805 -1.4557801 ]\n",
      " [-0.11503394 -0.55142799 -0.82625321 -0.17762632]\n",
      " [ 0.05174164  0.82731964 -0.55934337  2.93646814]\n",
      " [ 0.          0.          0.          1.        ]]\n",
      "Total ICP Transformation is:\n",
      "[[ 0.9920131  -0.10709517 -0.06663805 -1.4557801 ]\n",
      " [-0.11503394 -0.55142799 -0.82625321 -0.17762632]\n",
      " [ 0.05174164  0.82731964 -0.55934337  2.93646814]\n",
      " [ 0.          0.          0.          1.        ]]\n",
      "result: \n",
      "[[ 0.99 -0.11 -0.07 -1.46]\n",
      " [-0.12 -0.55 -0.83 -0.18]\n",
      " [ 0.05  0.83 -0.56  2.94]\n",
      " [ 0.    0.    0.    1.  ]]\n",
      "Found 6DoF pose of suitcase_3\n"
     ]
    },
    {
     "name": "stdout",
     "output_type": "stream",
     "text": [
      "\n",
      "'suitcase' is not in gscene. Use manual input for initial guess\n",
      "\n",
      "Apply point-to-point ICP\n",
      "registration::RegistrationResult with fitness=1.000000e+00, inlier_rmse=9.654891e-02, and correspondence_set size of 6114\n",
      "Access transformation to get result.\n",
      "Transformation is:\n",
      "[[ 0.74082275 -0.66252984 -0.11061585 -0.94178844]\n",
      " [-0.30485288 -0.18489085 -0.93428052  0.38687723]\n",
      " [ 0.59853686  0.72585783 -0.33894548  1.62283658]\n",
      " [ 0.          0.          0.          1.        ]]\n",
      "Total ICP Transformation is:\n",
      "[[ 0.74082275 -0.66252984 -0.11061585 -0.94178844]\n",
      " [-0.30485288 -0.18489085 -0.93428052  0.38687723]\n",
      " [ 0.59853686  0.72585783 -0.33894548  1.62283658]\n",
      " [ 0.          0.          0.          1.        ]]\n",
      "initial: \n",
      "[[ 0.74 -0.66 -0.11 -0.94]\n",
      " [-0.3  -0.18 -0.93  0.39]\n",
      " [ 0.6   0.73 -0.34  1.62]\n",
      " [ 0.    0.    0.    1.  ]]\n",
      "Apply point-to-point ICP\n",
      "registration::RegistrationResult with fitness=9.810056e-01, inlier_rmse=1.575462e-02, and correspondence_set size of 1756\n",
      "Access transformation to get result.\n",
      "Transformation is:\n",
      "[[ 0.71614193 -0.69622026 -0.04917405 -1.02466719]\n",
      " [-0.4030489  -0.35500402 -0.84351866  0.42306819]\n",
      " [ 0.5698178   0.62389862 -0.53484408  1.72112702]\n",
      " [ 0.          0.          0.          1.        ]]\n",
      "Total ICP Transformation is:\n",
      "[[ 0.71614193 -0.69622026 -0.04917405 -1.02466719]\n",
      " [-0.4030489  -0.35500402 -0.84351866  0.42306819]\n",
      " [ 0.5698178   0.62389862 -0.53484408  1.72112702]\n",
      " [ 0.          0.          0.          1.        ]]\n",
      "result: \n",
      "[[ 0.72 -0.7  -0.05 -1.02]\n",
      " [-0.4  -0.36 -0.84  0.42]\n",
      " [ 0.57  0.62 -0.53  1.72]\n",
      " [ 0.    0.    0.    1.  ]]\n",
      "Found 6DoF pose of suitcase_4\n",
      "Total 2 suitcase in the scene\n",
      "Update existing suitcase in the scene\n",
      "Update existing suitcase in the scene\n",
      "Add new suitcase in the scene\n",
      "Add new suitcase in the scene\n",
      "name_mask is ['suitcase']\n",
      "request 0 -> response 0\n",
      "==== Received color, depth image from remote camera ====\n",
      "Maximun num of object for detection : 5\n",
      "===== Detected : suitcase, 4 object(s) =====\n",
      "\n",
      "'suitcase' is not in gscene. Use manual input for initial guess\n",
      "\n",
      "Apply point-to-point ICP\n",
      "registration::RegistrationResult with fitness=1.000000e+00, inlier_rmse=9.716462e-02, and correspondence_set size of 1746\n",
      "Access transformation to get result.\n",
      "Transformation is:\n",
      "[[ 0.97181472  0.10386972 -0.21162992  0.25603114]\n",
      " [-0.13460455 -0.49250631 -0.8598367  -0.45801557]\n",
      " [-0.19354007  0.86408832 -0.46464355  3.05971275]\n",
      " [ 0.          0.          0.          1.        ]]\n",
      "Total ICP Transformation is:\n",
      "[[ 0.97181472  0.10386972 -0.21162992  0.25603114]\n",
      " [-0.13460455 -0.49250631 -0.8598367  -0.45801557]\n",
      " [-0.19354007  0.86408832 -0.46464355  3.05971275]\n",
      " [ 0.          0.          0.          1.        ]]\n",
      "initial: \n",
      "[[ 0.97  0.1  -0.21  0.26]\n",
      " [-0.13 -0.49 -0.86 -0.46]\n",
      " [-0.19  0.86 -0.46  3.06]\n",
      " [ 0.    0.    0.    1.  ]]\n",
      "Apply point-to-point ICP\n",
      "registration::RegistrationResult with fitness=8.135991e-01, inlier_rmse=2.185250e-02, and correspondence_set size of 694\n",
      "Access transformation to get result.\n",
      "Transformation is:\n",
      "[[ 0.92061183  0.37135777 -0.12069496  0.25093726]\n",
      " [ 0.10076513 -0.52456084 -0.84538886 -0.48258316]\n",
      " [-0.37725357  0.76611314 -0.52033682  3.17861427]\n",
      " [ 0.          0.          0.          1.        ]]\n",
      "Total ICP Transformation is:\n",
      "[[ 0.92061183  0.37135777 -0.12069496  0.25093726]\n",
      " [ 0.10076513 -0.52456084 -0.84538886 -0.48258316]\n",
      " [-0.37725357  0.76611314 -0.52033682  3.17861427]\n",
      " [ 0.          0.          0.          1.        ]]\n",
      "result: \n",
      "[[ 0.92  0.37 -0.12  0.25]\n",
      " [ 0.1  -0.52 -0.85 -0.48]\n",
      " [-0.38  0.77 -0.52  3.18]\n",
      " [ 0.    0.    0.    1.  ]]\n",
      "Found 6DoF pose of suitcase_1\n",
      "\n",
      "'suitcase' is not in gscene. Use manual input for initial guess\n",
      "\n",
      "Apply point-to-point ICP\n",
      "registration::RegistrationResult with fitness=9.994553e-01, inlier_rmse=1.072338e-01, and correspondence_set size of 1835\n",
      "Access transformation to get result.\n",
      "Transformation is:\n",
      "[[ 0.94914248 -0.04554349  0.31153546 -0.42106036]\n",
      " [ 0.2787157  -0.33869825 -0.89866627 -0.21425182]\n",
      " [ 0.14644491  0.93979215 -0.30877921  2.6352074 ]\n",
      " [ 0.          0.          0.          1.        ]]\n",
      "Total ICP Transformation is:\n",
      "[[ 0.94914248 -0.04554349  0.31153546 -0.42106036]\n",
      " [ 0.2787157  -0.33869825 -0.89866627 -0.21425182]\n",
      " [ 0.14644491  0.93979215 -0.30877921  2.6352074 ]\n",
      " [ 0.          0.          0.          1.        ]]\n",
      "initial: \n",
      "[[ 0.95 -0.05  0.31 -0.42]\n",
      " [ 0.28 -0.34 -0.9  -0.21]\n",
      " [ 0.15  0.94 -0.31  2.64]\n",
      " [ 0.    0.    0.    1.  ]]\n",
      "Apply point-to-point ICP\n",
      "registration::RegistrationResult with fitness=8.097826e-01, inlier_rmse=2.549324e-02, and correspondence_set size of 596\n",
      "Access transformation to get result.\n",
      "Transformation is:\n",
      "[[ 0.99906841  0.03405162 -0.0265102  -0.4155849 ]\n",
      " [-0.0048054  -0.52270634 -0.85249926 -0.19547772]\n",
      " [-0.04288603  0.85183248 -0.52205576  2.77583448]\n",
      " [ 0.          0.          0.          1.        ]]\n",
      "Total ICP Transformation is:\n",
      "[[ 0.99906841  0.03405162 -0.0265102  -0.4155849 ]\n",
      " [-0.0048054  -0.52270634 -0.85249926 -0.19547772]\n",
      " [-0.04288603  0.85183248 -0.52205576  2.77583448]\n",
      " [ 0.          0.          0.          1.        ]]\n",
      "result: \n",
      "[[ 1.    0.03 -0.03 -0.42]\n",
      " [-0.   -0.52 -0.85 -0.2 ]\n",
      " [-0.04  0.85 -0.52  2.78]\n",
      " [ 0.    0.    0.    1.  ]]\n",
      "Found 6DoF pose of suitcase_2\n",
      "\n",
      "'suitcase' is not in gscene. Use manual input for initial guess\n",
      "\n",
      "Apply point-to-point ICP\n",
      "registration::RegistrationResult with fitness=9.953341e-01, inlier_rmse=8.678961e-02, and correspondence_set size of 5333\n",
      "Access transformation to get result.\n",
      "Transformation is:\n",
      "[[-0.99086102  0.06632675 -0.11745295 -0.04000478]\n",
      " [ 0.13406698  0.38841297 -0.91168054  0.1963202 ]\n",
      " [-0.01484856 -0.91909527 -0.3937555   1.86110861]\n",
      " [ 0.          0.          0.          1.        ]]\n",
      "Total ICP Transformation is:\n",
      "[[-0.99086102  0.06632675 -0.11745295 -0.04000478]\n",
      " [ 0.13406698  0.38841297 -0.91168054  0.1963202 ]\n",
      " [-0.01484856 -0.91909527 -0.3937555   1.86110861]\n",
      " [ 0.          0.          0.          1.        ]]\n",
      "initial: \n",
      "[[-0.99  0.07 -0.12 -0.04]\n",
      " [ 0.13  0.39 -0.91  0.2 ]\n",
      " [-0.01 -0.92 -0.39  1.86]\n",
      " [ 0.    0.    0.    1.  ]]\n",
      "Apply point-to-point ICP\n",
      "registration::RegistrationResult with fitness=9.307321e-01, inlier_rmse=1.795408e-02, and correspondence_set size of 2123\n",
      "Access transformation to get result.\n",
      "Transformation is:\n",
      "[[-0.97756308  0.16034549 -0.13660071 -0.03108411]\n",
      " [ 0.20245373  0.5361475  -0.81948663  0.18623964]\n",
      " [-0.05816286 -0.8287552  -0.55658054  1.96567429]\n",
      " [ 0.          0.          0.          1.        ]]\n",
      "Total ICP Transformation is:\n",
      "[[-0.97756308  0.16034549 -0.13660071 -0.03108411]\n",
      " [ 0.20245373  0.5361475  -0.81948663  0.18623964]\n",
      " [-0.05816286 -0.8287552  -0.55658054  1.96567429]\n",
      " [ 0.          0.          0.          1.        ]]\n",
      "result: \n",
      "[[-0.98  0.16 -0.14 -0.03]\n",
      " [ 0.2   0.54 -0.82  0.19]\n",
      " [-0.06 -0.83 -0.56  1.97]\n",
      " [ 0.    0.    0.    1.  ]]\n",
      "Found 6DoF pose of suitcase_3\n",
      "\n",
      "'suitcase' is not in gscene. Use manual input for initial guess\n",
      "\n",
      "Apply point-to-point ICP\n",
