{
 "cells": [
  {
   "cell_type": "markdown",
   "metadata": {},
   "source": [
    "# Experiment Process\n",
    "## Prepare HW\n",
    "1. Switch supply power to mobile robot system\n",
    "2. Turn on panda controller and mobile computer on the mobile system\n",
    "3. Connect to Mobile WiFi (RNB-MOBILE, PW: robot!!!1)\n",
    "4. Connect to Franka Desk (192.168.17.3) and unlock panda joints, make sure blue LED is on.\n",
    "\n",
    "## Prepare Mobile Panda\n",
    "1. Connect to mobile computer with AnyDesk (349 336 873)\n",
    "    - Proceed this section in connected mobile computer.\n",
    "2. Prepare SteamVR\n",
    "    - Make sure Each Vive Base Station have unique ID (should be set in advance in Windows SteamVR)\n",
    "    - Make sure Vive Base Stations are placed properly (facing each other)\n",
    "    - Turn on vrmonitor\n",
    "    - Connect Vive Tracker (Menu-Devices-Pair Controller)\n",
    "    - Make sure All Base Station and Tracker icons are active\n",
    "3. Start camera server\n",
    "```bash\n",
    "cd ~/Projects/grpc_cam/\n",
    "python3 cam_grpc_server.py\n",
    "```\n",
    "    - If any error is raised, disconnect and reconnect camera \n",
    "4. Start panda control program\n",
    "```bash\n",
    "roslaunch panda_control joint_control_rnb.launch robot_ip:=192.168.17.3 load_gripper:=false\n",
    "```\n",
    "    - **[IMPORTANT]** enable data plot on web UI\n",
    "5. Start mobile robot server\n",
    "```bash\n",
    "~/run_mobile_server.sh\n",
    "```\n",
    "\n",
    "\n",
    "## Proceed Experiment\n",
    "* Place table, chair, clocks and target markers and run scripts below\n",
    "\n",
    "\n",
    "## Trouble shooting\n",
    "* **Panda stop**: panda controller can stop due to excessive  torque or network loss\n",
    "    - push and turn panda activation button to reset state, and restart panda control program\n",
    "* **Mobile robot stop**: mobile robot can raise error due to heavy load\n",
    "    - ***TO BE DONE***\n",
    "    \n",
    "## NOTE\n",
    "* Panda joint offset value backup:\n",
    " - [-0.01, -0.009, -0.022, 0.0, 0.007, -0.012, 0.0]"
   ]
  },
  {
   "cell_type": "markdown",
   "metadata": {},
   "source": [
    "# 이슈\n",
    "* 테이블이 왼쪽으로 치우쳐 찍히는 경향"
   ]
  },
  {
   "cell_type": "markdown",
   "metadata": {},
   "source": [
    "# 테스트 기준\n",
    "* 로봇의 제한된 자유도 고려, 원천적으로 해결 불가능한 문제는 아래의 조건 등을 통해 배제하였음.\n",
    "  - 의자 간 중심 거리는 1m 이상\n",
    "  - 시계 중심 거리는 20cm 이상\n",
    "  - 각 마커와 시계 사이에는 2cm 이상의 공백을 둠\n",
    "* 위의 경우를 포함, 로봇이 해결할 수 없는 상황은 사람 작업자의 개입 요청으로 해결될 예정\n",
    "* 사각 테두리 안쪽에 툴이 접촉하면 성공\n",
    "* 각 플래닝은 최대 300초\n",
    "* 동작 도중 환경 및 장애물에 충돌이 발생하면 실패"
   ]
  },
  {
   "cell_type": "markdown",
   "metadata": {},
   "source": [
    "# 판다 플롯 시작!"
   ]
  },
  {
   "cell_type": "markdown",
   "metadata": {},
   "source": [
    "# 실험 시작 - 사진 촬영!"
   ]
  },
  {
   "cell_type": "code",
   "execution_count": 1,
   "metadata": {},
   "outputs": [],
   "source": [
    "# QOFF_PANDA = [-0.01, -0.009, -0.022, 0.0, 0.007, -0.012, 0.0] # old\n",
    "QOFF_PANDA = [-0.01, -0.009, -0.022, -0.0262, 0.007, -0.012, 0.0] # new"
   ]
  },
  {
   "cell_type": "code",
   "execution_count": 2,
   "metadata": {},
   "outputs": [
    {
     "name": "stdout",
     "output_type": "stream",
     "text": [
      "Mobile IP: 192.168.17.2\n",
      "ROBOT  IP: 192.168.17.2\n",
      "PANDA  IP: 192.168.17.3\n"
     ]
    }
   ],
   "source": [
    "import os\n",
    "import sys\n",
    "sys.path.append(os.path.join(os.path.join(\n",
    "    os.environ[\"RNB_PLANNING_DIR\"], 'src')))\n",
    "sys.path.append(os.path.join(\n",
    "    os.environ[\"RNB_PLANNING_DIR\"], 'src/scripts/demo_202107'))\n",
    "\n",
    "CONNECT_MOBILE = True\n",
    "CONNECT_ROBOT = True\n",
    "SAVE_DATA = False\n",
    "\n",
    "MOBILE_IP = \"192.168.17.2\"\n",
    "ROBOT_IP = \"192.168.17.2\"\n",
    "PANDA_IP = \"192.168.17.3\"\n",
    "\n",
    "print(\"Mobile IP: {}\".format(MOBILE_IP))\n",
    "print(\"ROBOT  IP: {}\".format(ROBOT_IP))\n",
    "print(\"PANDA  IP: {}\".format(PANDA_IP))\n",
    "\n",
    "sys.path.append(os.path.join(\n",
    "    os.environ[\"RNB_PLANNING_DIR\"], 'src/scripts/developing/multiobject'))\n",
    "\n",
    "from concurrent import futures\n",
    "import logging\n",
    "import math\n",
    "import time\n",
    "import cv2\n",
    "import numpy as np\n",
    "import grpc\n",
    "import RemoteCam_pb2\n",
    "import RemoteCam_pb2_grpc\n",
    "\n",
    "MAX_MESSAGE_LENGTH = 10000000\n",
    "PORT_CAM = 10509"
   ]
  },
  {
   "cell_type": "code",
   "execution_count": 3,
   "metadata": {},
   "outputs": [
    {
     "name": "stdout",
     "output_type": "stream",
     "text": [
      "connection command:\n",
      "pmb0: True\n",
      "panda_arm1: True\n"
     ]
    }
   ],
   "source": [
    "ROBOT_BASE_OFFSET = (+0.02-0.035-0.15+0.008,0,0.592)\n",
    "ROBOT_BASE_RPY = (0,0,0)\n",
    "TOOL_NAME = \"brush_face\"\n",
    "WALL_THICKNESS = 0.01\n",
    "CLEARANCE = 0.001\n",
    "WS_HEIGHT = 1.7\n",
    "COL_COLOR = (1,1,1,0.2)\n",
    "    \n",
    "LOG_FORCE = False\n",
    "\n",
    "from pkg.controller.combined_robot import *\n",
    "from pkg.project_config import *\n",
    "\n",
    "kiro_udp_client.KIRO_UDP_OFFLINE_DEBUG = not CONNECT_MOBILE\n",
    "\n",
    "mobile_config = RobotConfig(0, RobotType.pmb, ((0,0,0), (0,0,0)), MOBILE_IP)\n",
    "robot_config = RobotConfig(1, RobotType.panda_arm, \n",
    "                           (ROBOT_BASE_OFFSET, ROBOT_BASE_RPY),\n",
    "                           \"{}/{}\".format(ROBOT_IP, PANDA_IP), root_on=\"pmb0_platform\")\n",
    "\n",
    "ROBOT_TYPE = robot_config.type\n",
    "MOBILE_NAME = mobile_config.get_indexed_name()\n",
    "ROBOT_NAME = robot_config.get_indexed_name()\n",
    "crob = CombinedRobot(robots_on_scene=[mobile_config, robot_config],\n",
    "                     connection_list=[CONNECT_MOBILE, CONNECT_ROBOT])"
   ]
  },
  {
   "cell_type": "code",
   "execution_count": null,
   "metadata": {},
   "outputs": [],
   "source": []
  },
  {
   "cell_type": "markdown",
   "metadata": {},
   "source": [
    "### Make scene"
   ]
  },
  {
   "cell_type": "code",
   "execution_count": 4,
   "metadata": {
    "scrolled": true
   },
   "outputs": [
    {
     "name": "stdout",
     "output_type": "stream",
     "text": [
      "Please create a subscriber to the marker\n",
      "publication OK\n",
      "published: [0, 0, 0, 0, 0, 0, 0, 0, 0, 0, 0, 0, 0]\n",
      "Please create a subscriber to the marker\n"
     ]
    }
   ],
   "source": [
    "from pkg.geometry.builder.scene_builder import SceneBuilder\n",
    "from pkg.planning.scene import PlanningScene\n",
    "\n",
    "s_builder = SceneBuilder(None)\n",
    "gscene = s_builder.create_gscene(crob)\n",
    "gtems = s_builder.add_robot_geometries(\n",
    "    color=COL_COLOR, display=True, collision=True)\n",
    "\n",
    "gscene.set_workspace_boundary(\n",
    "    -1, 4, -2.5, 2.5, -CLEARANCE, WS_HEIGHT, thickness=WALL_THICKNESS)\n",
    "\n",
    "HOME_POSE_DEFAULT = np.copy(crob.home_pose)\n",
    "gscene.show_pose(crob.home_pose)\n",
    "crob.simulator.gscene=gscene"
   ]
  },
  {
   "cell_type": "code",
   "execution_count": null,
   "metadata": {},
   "outputs": [],
   "source": []
  },
  {
   "cell_type": "markdown",
   "metadata": {},
   "source": [
    "### Planning scene"
   ]
  },
  {
   "cell_type": "code",
   "execution_count": 5,
   "metadata": {},
   "outputs": [],
   "source": [
    "from pkg.geometry.geometry import *\n",
    "from pkg.utils.code_scraps import *\n",
    "from pkg.planning.constraint.constraint_subject import *\n",
    "from pkg.planning.constraint.constraint_actor import *\n",
    "from exp_config import *\n",
    "\n",
    "pscene = PlanningScene(gscene, combined_robot=crob)"
   ]
  },
  {
   "cell_type": "code",
   "execution_count": 6,
   "metadata": {},
   "outputs": [],
   "source": [
    "ROBOT_BASE = pscene.robot_chain_dict[ROBOT_NAME]['link_names'][0]\n",
    "TIP_LINK = pscene.robot_chain_dict[ROBOT_NAME][\"tip_link\"]\n",
    "MOBILE_BASE = pscene.robot_chain_dict[MOBILE_NAME][\"tip_link\"]\n",
    "HOLD_LINK = MOBILE_BASE\n",
    "BRUSH_NAME = \"brush_face\"\n",
    "theta = -np.pi*3/4\n",
    "viewpoint  = add_panda_cam(gscene, tool_link=TIP_LINK, theta=theta)\n",
    "brush_face = add_panda_brush(gscene, tool_link=TIP_LINK, theta=theta, \n",
    "                             brush_name=BRUSH_NAME)\n",
    "\n",
    "point_brush, rpy_brush = (0,0,-brush_face.dims[2]/2), (0,0,0)\n",
    "brush_b = pscene.create_binder(BRUSH_NAME, BRUSH_NAME, WayFramer, point=point_brush, rpy=rpy_brush)\n",
    "gscene.show_pose(HOME_POSE_DEFAULT)\n",
    "\n",
    "MOBILE_PUSH_NAME = \"mpush\"\n",
    "MOBILE_PUSH_HEIGHT = 0.4\n",
    "MOBILE_PUSH_KEY = 1\n",
    "MOBILE_SLIDE_KEY = 2\n",
    "front_dist = 0.03\n",
    "mpush_g = gscene.create_safe(GEOTYPE.SPHERE, MOBILE_PUSH_NAME, link_name=HOLD_LINK,dims=(0.01,0.01,0.01),\n",
    "                           center=(front_dist, 0, MOBILE_PUSH_HEIGHT), rpy=(0,np.pi/2,0),\n",
    "                           fixed=True, collision=False, color=(1,0,0,0.5))\n",
    "mpush_b = pscene.create_binder(MOBILE_PUSH_NAME, MOBILE_PUSH_NAME, FramedTool, point=(0,0,0), rpy=(0,0,0), key=MOBILE_PUSH_KEY)\n",
    "\n",
    "floor_b = pscene.create_binder(\"floor_ws\", \"floor_ws\", PlaceFrame, point=(0,0,WALL_THICKNESS/2), key=MOBILE_SLIDE_KEY)\n",
    "\n",
    "TOOL_PUSH_NAME = \"tpush\"\n",
    "TOOL_PUSH_KEY = 10\n",
    "TOOL_SLIDE_KEY = 11\n",
    "brush_col = gscene.NAME_DICT[BRUSH_NAME+\"_col\"]\n",
    "TOOL_DIM = brush_col.dims\n",
    "\n",
    "center_push, rpy_push = (TOOL_DIM[0]/2+CLEARANCE, 0, 0), (0,np.pi/2,0)    \n",
    "tpush_g = gscene.create_safe(GEOTYPE.SPHERE, TOOL_PUSH_NAME, link_name=TIP_LINK,dims=(0.01,0.01,0.01),\n",
    "                           center=center_push, rpy=rpy_push,\n",
    "                           fixed=True, collision=False, color=(1,0,0,0.5), parent=BRUSH_NAME)\n",
    "tpush_b = pscene.create_binder(TOOL_PUSH_NAME, TOOL_PUSH_NAME, FramedTool, point=(0,0,0), rpy=(0,0,0), key=TOOL_PUSH_KEY)"
   ]
  },
  {
   "cell_type": "code",
   "execution_count": null,
   "metadata": {},
   "outputs": [],
   "source": []
  },
  {
   "cell_type": "markdown",
   "metadata": {},
   "source": [
    "# Start detecting - set joint offset"
   ]
  },
  {
   "cell_type": "code",
   "execution_count": 7,
   "metadata": {},
   "outputs": [],
   "source": [
    "from pkg.controller.trajectory_client.web_client import *\n",
    "wc = WebClient(ip='192.168.17.2', port=9990)"
   ]
  },
  {
   "cell_type": "markdown",
   "metadata": {},
   "source": [
    "### MultiICP Detector"
   ]
  },
  {
   "cell_type": "code",
   "execution_count": 8,
   "metadata": {},
   "outputs": [],
   "source": [
    "from pkg.detector.multiICP.multiICP import MultiICP, MultiICP_Obj\n",
    "from pkg.detector.multiICP.config import *\n",
    "from pkg.detector.camera.realsense import RealSense\n",
    "from pkg.detector.detector_interface import DetectionLevel\n",
    "\n",
    "import open3d as o3d\n",
    "import numpy as np\n",
    "\n",
    "CONNECT_CAM = False\n",
    "REMOTE_CAM = True\n",
    "\n",
    "CARRIER_DIM = (0.4, 0.29, 0.635)\n",
    "CLOCK_DIM = (0.138, 0.05, 0.078)"
   ]
  },
  {
   "cell_type": "code",
   "execution_count": 9,
   "metadata": {},
   "outputs": [
    {
     "name": "stdout",
     "output_type": "stream",
     "text": [
      "Camera is not set - skip initialization, use remote camera\n",
      "request 0 -> response 0\n",
      "==== Received camera config from remote camera ====\n"
     ]
    }
   ],
   "source": [
    "from demo_utils.data_reconstructed_camera import DataRecontructedCamera\n",
    "dcam = DataRecontructedCamera(crob, viewpoint)\n",
    "# if not CONNECT_CAM and not REMOTE_CAM:\n",
    "#     dcam.initialize()\n",
    "\n",
    "if CONNECT_CAM:\n",
    "    realsense = RealSense()\n",
    "    micp = MultiICP(realsense)\n",
    "    micp.initialize()\n",
    "else:\n",
    "    if REMOTE_CAM:\n",
    "        # use remote camera\n",
    "        micp = MultiICP(None)\n",
    "        micp.initialize(remote_cam=REMOTE_CAM)\n",
    "#         dcam.ready_saving(*micp.get_camera_config())\n",
    "#         cam_pose = viewpoint.get_tf(VIEW_POSE_EXT)\n",
    "    else:\n",
    "        # use manually given camera configs\n",
    "        micp = MultiICP(None)\n",
    "        config_list, img_dim = load_pickle(RNB_PLANNING_DIR+\"release/multiICP_data/cam_configs.pkl\")\n",
    "        micp.initialize(config_list, img_dim)\n",
    "#         micp = MultiICP(dcam)\n",
    "#         micp.initialize()"
   ]
  },
  {
   "cell_type": "markdown",
   "metadata": {},
   "source": [
    "### Shared Detector"
   ]
  },
  {
   "cell_type": "code",
   "execution_count": 10,
   "metadata": {},
   "outputs": [],
   "source": [
    "from pkg.utils.shared_function import clear_channels_on, sa\n",
    "clear_channels_on(\"SharedDetector\")\n",
    "\n",
    "from pkg.detector.multiICP.shared_detector import SharedDetectorGen\n",
    "sd = SharedDetectorGen(tuple(reversed(micp.dsize))+(3,))()\n",
    "sd.init()"
   ]
  },
  {
   "cell_type": "code",
   "execution_count": null,
   "metadata": {},
   "outputs": [],
   "source": []
  },
  {
   "cell_type": "markdown",
   "metadata": {},
   "source": [
    "### Set ICP Config"
   ]
  },
  {
   "cell_type": "code",
   "execution_count": 11,
   "metadata": {},
   "outputs": [],
   "source": [
    "# Load config file of object information\n",
    "obj_info_dict = get_obj_info()"
   ]
  },
  {
   "cell_type": "code",
   "execution_count": 12,
   "metadata": {},
   "outputs": [],
   "source": [
    "micp_suitcase = MultiICP_Obj(obj_info_dict[\"suitcase\"], None,\n",
    "                        OffsetOnModelCoord(\"suitcase\", R=np.matmul(Rot_axis(1, 2*np.pi/3), Rot_axis(3, np.pi/2)), offset=(0.,0.,0.2)))\n",
    "\n",
    "\n",
    "micp_clock = MultiICP_Obj(obj_info_dict[\"clock\"], None,\n",
    "                        OffsetOnModelCoord(\"clock\", R=Rot_axis(1, np.pi/4), offset=(-0.04,-0.03,0.04)))\n",
    "\n",
    "\n",
    "micp_table = MultiICP_Obj(obj_info_dict[\"dining table\"], None,\n",
    "                        OffsetOnModelCoord(\"dining table\", R=Rot_axis(1, 3*np.pi/4), offset=(0.,0.35,0.6)))\n",
    "\n",
    "micp_chair = MultiICP_Obj(obj_info_dict[\"chair\"], None,\n",
    "                        OffsetOnModelCoord(\"chair\", R=Rot_axis(1, 3*np.pi/4), offset=(0.1, 0.1,0.)))"
   ]
  },
  {
   "cell_type": "code",
   "execution_count": 13,
   "metadata": {},
   "outputs": [],
   "source": [
    "micp_dict = {\"suitcase\": micp_suitcase, \"clock\": micp_clock,\n",
    "             \"dining table\": micp_table, \"chair\": micp_chair}\n",
    "micp.set_config(micp_dict, sd, crob, viewpoint)"
   ]
  },
  {
   "cell_type": "code",
   "execution_count": null,
   "metadata": {},
   "outputs": [],
   "source": []
  },
  {
   "cell_type": "markdown",
   "metadata": {},
   "source": [
    "## Table"
   ]
  },
  {
   "cell_type": "code",
   "execution_count": 14,
   "metadata": {},
   "outputs": [],
   "source": [
    "VIEW_LOC = crob.get_real_robot_pose()[:6]\n",
    "VIEW_ARM = HOME_POSE_DEFAULT[6:] + np.deg2rad([0,0,0,0,0,45,-45])\n",
    "VIEW_TABLE = list(VIEW_LOC) + list(VIEW_ARM)\n",
    "crob.joint_move_make_sure(np.array(VIEW_TABLE), ref_speed=np.pi/8)"
   ]
  },
  {
   "cell_type": "code",
   "execution_count": 15,
   "metadata": {},
   "outputs": [],
   "source": [
    "TABLE_NAME = \"table\""
   ]
  },
  {
   "cell_type": "code",
   "execution_count": 16,
   "metadata": {
    "scrolled": true
   },
   "outputs": [
    {
     "name": "stdout",
     "output_type": "stream",
     "text": [
      "name_mask is ['dining table']\n",
      "request 0 -> response 0\n",
      "==== Received color, depth image from remote camera ====\n",
      "Maximun num of object for detection : 1\n",
      "===== Detected : dining table, 2 object(s) =====\n",
      "[NOTICE] You choose merge option for mask. Detected masks would be merged.\n",
      "\n",
      "'dining table' is not in gscene. Use manual input for initial guess\n",
      "\n",
      "Apply point-to-point ICP\n",
      "registration::RegistrationResult with fitness=9.920904e-01, inlier_rmse=1.899071e-01, and correspondence_set size of 3512\n",
      "Access transformation to get result.\n",
      "Transformation is:\n",
      "[[ 0.95855728  0.2844212   0.01650835  0.07104949]\n",
      " [ 0.20019423 -0.63120229 -0.74933698  0.03572089]\n",
      " [-0.20270722  0.72158729 -0.66198303  3.48980126]\n",
      " [ 0.          0.          0.          1.        ]]\n",
      "Total ICP Transformation is:\n",
      "[[ 0.95855728  0.2844212   0.01650835  0.07104949]\n",
      " [ 0.20019423 -0.63120229 -0.74933698  0.03572089]\n",
      " [-0.20270722  0.72158729 -0.66198303  3.48980126]\n",
      " [ 0.          0.          0.          1.        ]]\n",
      "Inlier ratio: 0.0985583995293\n",
      "initial: \n",
      "[[ 0.96  0.28  0.02  0.07]\n",
      " [ 0.2  -0.63 -0.75  0.04]\n",
      " [-0.2   0.72 -0.66  3.49]\n",
      " [ 0.    0.    0.    1.  ]]\n",
      "Apply point-to-point ICP\n",
      "registration::RegistrationResult with fitness=7.509294e-01, inlier_rmse=8.096073e-02, and correspondence_set size of 1010\n",
      "Access transformation to get result.\n",
      "Transformation is:\n",
      "[[ 0.93048212  0.36368568 -0.04399708  0.02109318]\n",
      " [ 0.13751568 -0.45807328 -0.87821311  0.14617549]\n",
      " [-0.33954743  0.81111131 -0.47624149  3.4502273 ]\n",
      " [ 0.          0.          0.          1.        ]]\n",
      "Total ICP Transformation is:\n",
      "[[ 0.93048212  0.36368568 -0.04399708  0.02109318]\n",
      " [ 0.13751568 -0.45807328 -0.87821311  0.14617549]\n",
      " [-0.33954743  0.81111131 -0.47624149  3.4502273 ]\n",
      " [ 0.          0.          0.          1.        ]]\n",
      "result: \n",
      "[[ 0.93  0.36 -0.04  0.02]\n",
      " [ 0.14 -0.46 -0.88  0.15]\n",
      " [-0.34  0.81 -0.48  3.45]\n",
      " [ 0.    0.    0.    1.  ]]\n",
      "Inlier ratio: 0.0639830508475\n",
      "Found 6DoF pose of dining table_1\n"
     ]
    }
   ],
   "source": [
    "# for dining table\n",
    "micp.set_ICP_thres(thres_ICP=0.6, thres_front_ICP=0.18)\n",
    "micp.set_pcd_ratio(ratio=0.5)\n",
    "micp.set_inlier_ratio(ratio=0.02)\n",
    "# micp.set_multiobject_num(num = 1)\n",
    "micp.set_merge_mask(merge=True)\n",
    "pose_dict = micp.detect(name_mask=[\"dining table\"], visualize=True)"
   ]
  },
  {
   "cell_type": "code",
   "execution_count": 17,
   "metadata": {},
   "outputs": [],
   "source": [
    "# add table\n",
    "center, rpy = pose_refine(\"dining table\", pose_dict[\"dining table_1\"])\n",
    "table_vis, table_g = add_table(gscene, TABLE_NAME, center, rpy)\n",
    "TABLE_HEIGHT = table_g.center[2] + table_g.dims[2]/2"
   ]
  },
  {
   "cell_type": "code",
   "execution_count": 18,
   "metadata": {},
   "outputs": [],
   "source": [
    "table_g.dims = (1.8, 1.0,  0.02)"
   ]
  },
  {
   "cell_type": "code",
   "execution_count": 19,
   "metadata": {},
   "outputs": [],
   "source": [
    "table_b = pscene.create_binder(TABLE_NAME, TABLE_NAME, PlaceFrame, point=(0,0,table_g.dims[2]/2), key=TOOL_SLIDE_KEY)\n",
    "# gscene.add_virtual_guardrail(table_g, HEIGHT=0.01, axis=\"xy\")"
   ]
  },
  {
   "cell_type": "markdown",
   "metadata": {},
   "source": [
    "### update workspace"
   ]
  },
  {
   "cell_type": "code",
   "execution_count": 20,
   "metadata": {},
   "outputs": [],
   "source": [
    "Tbt = table_g.get_tf(HOME_POSE_DEFAULT)\n",
    "Tbm = gscene.get_tf(MOBILE_BASE, VIEW_TABLE)\n",
    "Ttm = np.matmul(np.linalg.inv(Tbt), Tbm)\n",
    "\n",
    "Ymax = table_g.dims[1]/2\n",
    "Ymin = Ttm[1,3]-0.9\n",
    "Xmax = Ttm[0,3]+0.8\n",
    "Xmin = -table_g.dims[0]/2-0.3\n",
    "Xtc = np.mean([Xmax, Xmin])\n",
    "Ytc = np.mean([Ymax, Ymin])\n",
    "dX = Xmax - Xmin\n",
    "dY = Ymax - Ymin\n",
    "Xbc, Ybc, _, _ = np.matmul(Tbt, [Xtc, Ytc, 0, 1])\n",
    "Xmax, Xmin = Xbc + dX/2, Xbc - dX/2\n",
    "Ymax, Ymin = Ybc + dY/2, Ybc - dY/2\n",
    "\n",
    "gscene.set_workspace_boundary(\n",
    "    Xmin, Xmax, Ymin, Ymax, -CLEARANCE, WS_HEIGHT, thickness=WALL_THICKNESS, \n",
    "    RPY=Rot2rpy(Tbt[:3,:3]))"
   ]
  },
  {
   "cell_type": "code",
   "execution_count": 21,
   "metadata": {},
   "outputs": [
    {
     "data": {
      "text/plain": [
       "<pkg.geometry.geometry.GeometryItem at 0x7f40a4013750>"
      ]
     },
     "execution_count": 21,
     "metadata": {},
     "output_type": "execute_result"
    }
   ],
   "source": [
    "floor_ws = gscene.NAME_DICT[\"floor_ws\"]\n",
    "gscene.create_safe(GEOTYPE.BOX, \"obstacle_corner\", link_name=\"base_link\",\n",
    "                   dims = (0.5,0.5,1), \n",
    "                   center=(floor_ws.dims[0]/2-0.3, floor_ws.dims[1]/2-0.3, 0.5), \n",
    "                  display=True, collision=True, parent=\"floor_ws\",\n",
    "                  color=(1,1,0,0.2))"
   ]
  },
  {
   "cell_type": "code",
   "execution_count": null,
   "metadata": {},
   "outputs": [],
   "source": []
  },
  {
   "cell_type": "markdown",
   "metadata": {},
   "source": [
    "#### [SAVE DATA]"
   ]
  },
  {
   "cell_type": "code",
   "execution_count": 22,
   "metadata": {},
   "outputs": [],
   "source": [
    "if SAVE_DATA:\n",
    "    color, depth, Qcur = micp.get_image()\n",
    "    cam_pose = viewpoint.get_tf(Qcur)\n",
    "    dcam.ready_saving(*micp.get_camera_config())\n",
    "    dcam.save_scene(color, depth, cam_pose)"
   ]
  },
  {
   "cell_type": "code",
   "execution_count": null,
   "metadata": {},
   "outputs": [],
   "source": []
  },
  {
   "cell_type": "markdown",
   "metadata": {},
   "source": [
    "### Chair"
   ]
  },
  {
   "cell_type": "code",
   "execution_count": 23,
   "metadata": {},
   "outputs": [],
   "source": [
    "for i in range(10):\n",
    "    try:\n",
    "        gscene.remove(gscene.NAME_DICT[\"chair_{}\".format(i)])\n",
    "    except:\n",
    "        pass"
   ]
  },
  {
   "cell_type": "code",
   "execution_count": 24,
   "metadata": {
    "scrolled": true
   },
   "outputs": [
    {
     "name": "stdout",
     "output_type": "stream",
     "text": [
      "name_mask is ['chair']\n",
      "request 0 -> response 0\n",
      "==== Received color, depth image from remote camera ====\n",
      "Maximun num of object for detection : 5\n",
      "===== Detected : chair, 2 object(s) =====\n",
      "\n",
      "'chair' is not in gscene. Use manual input for initial guess\n",
      "\n",
      "Apply point-to-point ICP\n",
      "registration::RegistrationResult with fitness=1.000000e+00, inlier_rmse=4.261861e-02, and correspondence_set size of 15154\n",
      "Access transformation to get result.\n",
      "Transformation is:\n",
      "[[ 0.95047564 -0.31018496  0.01952813 -0.33670492]\n",
      " [-0.18023607 -0.60129095 -0.77843698 -0.18383501]\n",
      " [ 0.25320154  0.73636571 -0.62741891  2.64013944]\n",
      " [ 0.          0.          0.          1.        ]]\n",
      "Total ICP Transformation is:\n",
      "[[ 0.95047564 -0.31018496  0.01952813 -0.33670492]\n",
      " [-0.18023607 -0.60129095 -0.77843698 -0.18383501]\n",
      " [ 0.25320154  0.73636571 -0.62741891  2.64013944]\n",
      " [ 0.          0.          0.          1.        ]]\n",
      "Inlier ratio: 0.206912503304\n",
      "initial: \n",
      "[[ 0.95 -0.31  0.02 -0.34]\n",
      " [-0.18 -0.6  -0.78 -0.18]\n",
      " [ 0.25  0.74 -0.63  2.64]\n",
      " [ 0.    0.    0.    1.  ]]\n",
      "Apply point-to-point ICP\n",
      "registration::RegistrationResult with fitness=9.563679e-01, inlier_rmse=2.316748e-02, and correspondence_set size of 5677\n",
      "Access transformation to get result.\n",
      "Transformation is:\n",
      "[[ 0.96309969 -0.26730177 -0.03144441 -0.31847242]\n",
      " [-0.18850926 -0.58654816 -0.78767092 -0.17967577]\n",
      " [ 0.19210217  0.76453318 -0.61529321  2.64613887]\n",
      " [ 0.          0.          0.          1.        ]]\n",
      "Total ICP Transformation is:\n",
      "[[ 0.96309969 -0.26730177 -0.03144441 -0.31847242]\n",
      " [-0.18850926 -0.58654816 -0.78767092 -0.17967577]\n",
      " [ 0.19210217  0.76453318 -0.61529321  2.64613887]\n",
      " [ 0.          0.          0.          1.        ]]\n",
      "result: \n",
      "[[ 0.96 -0.27 -0.03 -0.32]\n",
      " [-0.19 -0.59 -0.79 -0.18]\n",
      " [ 0.19  0.76 -0.62  2.65]\n",
      " [ 0.    0.    0.    1.  ]]\n",
      "Inlier ratio: 0.14530816946\n",
      "Found 6DoF pose of chair_1\n",
      "\n",
      "'chair' is not in gscene. Use manual input for initial guess\n",
      "\n",
      "Apply point-to-point ICP\n",
      "registration::RegistrationResult with fitness=1.000000e+00, inlier_rmse=4.070392e-02, and correspondence_set size of 53533\n",
      "Access transformation to get result.\n",
      "Transformation is:\n",
      "[[ 0.99884718 -0.0128486  -0.04625186 -0.25752076]\n",
      " [-0.0446628  -0.60189393 -0.79732609  0.42847161]\n",
      " [-0.01759419  0.79847265 -0.60177391  1.77189372]\n",
      " [ 0.          0.          0.          1.        ]]\n",
      "Total ICP Transformation is:\n",
      "[[ 0.99884718 -0.0128486  -0.04625186 -0.25752076]\n",
      " [-0.0446628  -0.60189393 -0.79732609  0.42847161]\n",
      " [-0.01759419  0.79847265 -0.60177391  1.77189372]\n",
      " [ 0.          0.          0.          1.        ]]\n",
      "Inlier ratio: 0.208040651622\n",
      "initial: \n",
      "[[ 1.   -0.01 -0.05 -0.26]\n",
      " [-0.04 -0.6  -0.8   0.43]\n",
      " [-0.02  0.8  -0.6   1.77]\n",
      " [ 0.    0.    0.    1.  ]]\n",
      "Apply point-to-point ICP\n",
      "registration::RegistrationResult with fitness=9.941838e-01, inlier_rmse=1.549208e-02, and correspondence_set size of 21025\n",
      "Access transformation to get result.\n",
      "Transformation is:\n",
      "[[ 0.99888769 -0.03959704 -0.02560184 -0.26739758]\n",
      " [-0.0445988  -0.61712816 -0.7855977   0.41814935]\n",
      " [ 0.01530773  0.78586568 -0.6182077   1.77592245]\n",
      " [ 0.          0.          0.          1.        ]]\n",
      "Total ICP Transformation is:\n",
      "[[ 0.99888769 -0.03959704 -0.02560184 -0.26739758]\n",
      " [-0.0445988  -0.61712816 -0.7855977   0.41814935]\n",
      " [ 0.01530773  0.78586568 -0.6182077   1.77592245]\n",
      " [ 0.          0.          0.          1.        ]]\n",
      "result: \n",
      "[[ 1.   -0.04 -0.03 -0.27]\n",
      " [-0.04 -0.62 -0.79  0.42]\n",
      " [ 0.02  0.79 -0.62  1.78]\n",
      " [ 0.    0.    0.    1.  ]]\n",
      "Inlier ratio: 0.151850260587\n",
      "Found 6DoF pose of chair_2\n",
      "Total 0 chair in the scene\n",
      "Add new chair in the scene\n",
      "Add new chair in the scene\n",
      "name_mask is ['chair']\n",
      "request 0 -> response 0\n",
      "==== Received color, depth image from remote camera ====\n",
      "Maximun num of object for detection : 5\n",
      "===== Detected : chair, 4 object(s) =====\n",
      "\n",
      "'chair' is not in gscene. Use manual input for initial guess\n",
      "\n",
      "Apply point-to-point ICP\n",
      "registration::RegistrationResult with fitness=1.000000e+00, inlier_rmse=4.407816e-02, and correspondence_set size of 57670\n",
      "Access transformation to get result.\n",
      "Transformation is:\n",
      "[[ 0.84573054  0.52674516 -0.0853193   0.54579409]\n",
      " [ 0.25612725 -0.54098714 -0.80108159  0.43272568]\n",
      " [-0.46812251  0.65564656 -0.59244313  1.7005804 ]\n",
      " [ 0.          0.          0.          1.        ]]\n",
      "Total ICP Transformation is:\n",
      "[[ 0.84573054  0.52674516 -0.0853193   0.54579409]\n",
      " [ 0.25612725 -0.54098714 -0.80108159  0.43272568]\n",
      " [-0.46812251  0.65564656 -0.59244313  1.7005804 ]\n",
      " [ 0.          0.          0.          1.        ]]\n",
      "Inlier ratio: 0.158331021088\n",
      "initial: \n",
      "[[ 0.85  0.53 -0.09  0.55]\n",
      " [ 0.26 -0.54 -0.8   0.43]\n",
      " [-0.47  0.66 -0.59  1.7 ]\n",
      " [ 0.    0.    0.    1.  ]]\n",
      "Apply point-to-point ICP\n",
      "registration::RegistrationResult with fitness=9.969848e-01, inlier_rmse=1.946841e-02, and correspondence_set size of 21823\n",
      "Access transformation to get result.\n",
      "Transformation is:\n",
      "[[ 0.87885633  0.47330207 -0.05997252  0.53314999]\n",
      " [ 0.25048347 -0.56474969 -0.78633059  0.42154684]\n",
      " [-0.40604137  0.67604949 -0.61488818  1.70679468]\n",
      " [ 0.          0.          0.          1.        ]]\n",
      "Total ICP Transformation is:\n",
      "[[ 0.87885633  0.47330207 -0.05997252  0.53314999]\n",
      " [ 0.25048347 -0.56474969 -0.78633059  0.42154684]\n",
      " [-0.40604137  0.67604949 -0.61488818  1.70679468]\n",
      " [ 0.          0.          0.          1.        ]]\n",
      "result: \n",
      "[[ 0.88  0.47 -0.06  0.53]\n",
      " [ 0.25 -0.56 -0.79  0.42]\n",
      " [-0.41  0.68 -0.61  1.71]\n",
      " [ 0.    0.    0.    1.  ]]\n",
      "Inlier ratio: 0.118657881047\n",
      "Found 6DoF pose of chair_1\n",
      "\n",
      "'chair' is not in gscene. Use manual input for initial guess\n",
      "\n",
      "Apply point-to-point ICP\n",
      "registration::RegistrationResult with fitness=1.000000e+00, inlier_rmse=5.334762e-02, and correspondence_set size of 8418\n",
      "Access transformation to get result.\n",
      "Transformation is:\n",
      "[[ 0.81745454  0.57435911 -0.04335535 -1.14112433]\n",
      " [ 0.33740667 -0.53849653 -0.77212577 -0.27449682]\n",
      " [-0.46682419  0.61654933 -0.63398902  2.86169085]\n",
      " [ 0.          0.          0.          1.        ]]\n",
      "Total ICP Transformation is:\n",
      "[[ 0.81745454  0.57435911 -0.04335535 -1.14112433]\n",
      " [ 0.33740667 -0.53849653 -0.77212577 -0.27449682]\n",
      " [-0.46682419  0.61654933 -0.63398902  2.86169085]\n",
      " [ 0.          0.          0.          1.        ]]\n",
      "Inlier ratio: 0.125641331583\n",
      "initial: \n",
      "[[ 0.82  0.57 -0.04 -1.14]\n",
      " [ 0.34 -0.54 -0.77 -0.27]\n",
      " [-0.47  0.62 -0.63  2.86]\n",
      " [ 0.    0.    0.    1.  ]]\n",
      "Apply point-to-point ICP\n",
      "registration::RegistrationResult with fitness=8.940597e-01, inlier_rmse=2.761878e-02, and correspondence_set size of 3266\n",
      "Access transformation to get result.\n",
      "Transformation is:\n",
      "[[ 0.93196386  0.36193452  0.02113688 -1.19058231]\n",
      " [ 0.25676738 -0.61775689 -0.74326772 -0.28976107]\n",
      " [-0.2559568   0.69812591 -0.66866007  2.89744363]\n",
      " [ 0.          0.          0.          1.        ]]\n",
      "Total ICP Transformation is:\n",
      "[[ 0.93196386  0.36193452  0.02113688 -1.19058231]\n",
      " [ 0.25676738 -0.61775689 -0.74326772 -0.28976107]\n",
      " [-0.2559568   0.69812591 -0.66866007  2.89744363]\n",
      " [ 0.          0.          0.          1.        ]]\n",
      "result: \n",
      "[[ 0.93  0.36  0.02 -1.19]\n",
      " [ 0.26 -0.62 -0.74 -0.29]\n",
      " [-0.26  0.7  -0.67  2.9 ]\n",
      " [ 0.    0.    0.    1.  ]]\n",
      "Inlier ratio: 0.113566167736\n",
      "Found 6DoF pose of chair_2\n",
      "\n",
      "'chair' is not in gscene. Use manual input for initial guess\n",
      "\n",
      "Apply point-to-point ICP\n",
      "registration::RegistrationResult with fitness=1.000000e+00, inlier_rmse=3.673085e-02, and correspondence_set size of 18217\n",
      "Access transformation to get result.\n",
      "Transformation is:\n",
      "[[ 0.96582037  0.23861753 -0.10125557  1.01482377]\n",
      " [ 0.08936783 -0.67320488 -0.73403579 -0.15569131]\n",
      " [-0.24331956  0.69989773 -0.67151972  2.47682945]\n",
      " [ 0.          0.          0.          1.        ]]\n",
      "Total ICP Transformation is:\n",
      "[[ 0.96582037  0.23861753 -0.10125557  1.01482377]\n",
      " [ 0.08936783 -0.67320488 -0.73403579 -0.15569131]\n",
      " [-0.24331956  0.69989773 -0.67151972  2.47682945]\n",
      " [ 0.          0.          0.          1.        ]]\n",
      "Inlier ratio: 0.188289574865\n",
      "initial: \n",
      "[[ 0.97  0.24 -0.1   1.01]\n",
      " [ 0.09 -0.67 -0.73 -0.16]\n",
      " [-0.24  0.7  -0.67  2.48]\n",
      " [ 0.    0.    0.    1.  ]]\n",
      "Apply point-to-point ICP\n",
      "registration::RegistrationResult with fitness=9.771453e-01, inlier_rmse=2.306203e-02, and correspondence_set size of 6969\n",
      "Access transformation to get result.\n",
      "Transformation is:\n",
      "[[ 0.95285256  0.28495226 -0.10427945  1.02546073]\n",
      " [ 0.10609966 -0.63485565 -0.76531113 -0.14733782]\n",
      " [-0.28427954  0.71816466 -0.63515717  2.47372627]\n",
      " [ 0.          0.          0.          1.        ]]\n",
      "Total ICP Transformation is:\n",
      "[[ 0.95285256  0.28495226 -0.10427945  1.02546073]\n",
      " [ 0.10609966 -0.63485565 -0.76531113 -0.14733782]\n",
      " [-0.28427954  0.71816466 -0.63515717  2.47372627]\n",
      " [ 0.          0.          0.          1.        ]]\n",
      "result: \n",
      "[[ 0.95  0.28 -0.1   1.03]\n",
      " [ 0.11 -0.63 -0.77 -0.15]\n",
      " [-0.28  0.72 -0.64  2.47]\n",
      " [ 0.    0.    0.    1.  ]]\n"
     ]
    },
    {
     "name": "stdout",
     "output_type": "stream",
     "text": [
      "Inlier ratio: 0.123840368886\n",
      "Found 6DoF pose of chair_3\n",
      "\n",
      "'chair' is not in gscene. Use manual input for initial guess\n",
      "\n",
      "Apply point-to-point ICP\n",
      "registration::RegistrationResult with fitness=1.000000e+00, inlier_rmse=3.653133e-02, and correspondence_set size of 50453\n",
      "Access transformation to get result.\n",
      "Transformation is:\n",
      "[[ 0.92857539  0.36737881 -0.05273101 -0.58848089]\n",
      " [ 0.18237821 -0.57540851 -0.79727235  0.41004913]\n",
      " [-0.32324285  0.73071049 -0.60131207  1.83031417]\n",
      " [ 0.          0.          0.          1.        ]]\n",
      "Total ICP Transformation is:\n",
      "[[ 0.92857539  0.36737881 -0.05273101 -0.58848089]\n",
      " [ 0.18237821 -0.57540851 -0.79727235  0.41004913]\n",
      " [-0.32324285  0.73071049 -0.60131207  1.83031417]\n",
      " [ 0.          0.          0.          1.        ]]\n",
      "Inlier ratio: 0.160374365482\n",
      "initial: \n",
      "[[ 0.93  0.37 -0.05 -0.59]\n",
      " [ 0.18 -0.58 -0.8   0.41]\n",
      " [-0.32  0.73 -0.6   1.83]\n",
      " [ 0.    0.    0.    1.  ]]\n",
      "Apply point-to-point ICP\n",
      "registration::RegistrationResult with fitness=1.000000e+00, inlier_rmse=1.323901e-02, and correspondence_set size of 20705\n",
      "Access transformation to get result.\n",
      "Transformation is:\n",
      "[[ 0.92964898  0.36775931 -0.02249121 -0.60478501]\n",
      " [ 0.20850839 -0.57544689 -0.79081294  0.40139667]\n",
      " [-0.30377133  0.73048883 -0.61164451  1.84548775]\n",
      " [ 0.          0.          0.          1.        ]]\n",
      "Total ICP Transformation is:\n",
      "[[ 0.92964898  0.36775931 -0.02249121 -0.60478501]\n",
      " [ 0.20850839 -0.57544689 -0.79081294  0.40139667]\n",
      " [-0.30377133  0.73048883 -0.61164451  1.84548775]\n",
      " [ 0.          0.          0.          1.        ]]\n",
      "result: \n",
      "[[ 0.93  0.37 -0.02 -0.6 ]\n",
      " [ 0.21 -0.58 -0.79  0.4 ]\n",
      " [-0.3   0.73 -0.61  1.85]\n",
      " [ 0.    0.    0.    1.  ]]\n",
      "Inlier ratio: 0.126890373219\n",
      "Found 6DoF pose of chair_4\n",
      "Total 2 chair in the scene\n",
      "Update existing chair in the scene\n",
      "Update existing chair in the scene\n",
      "Add new chair in the scene\n",
      "Add new chair in the scene\n",
      "name_mask is ['chair']\n",
      "request 0 -> response 0\n",
      "==== Received color, depth image from remote camera ====\n",
      "Maximun num of object for detection : 5\n",
      "===== Detected : chair, 3 object(s) =====\n",
      "\n",
      "'chair' is not in gscene. Use manual input for initial guess\n",
      "\n",
      "Apply point-to-point ICP\n",
      "registration::RegistrationResult with fitness=1.000000e+00, inlier_rmse=3.425887e-02, and correspondence_set size of 45022\n",
      "Access transformation to get result.\n",
      "Transformation is:\n",
      "[[ 0.68967838 -0.72034102 -0.07384122  0.27077928]\n",
      " [-0.47530977 -0.37341435 -0.79664441  0.3167771 ]\n",
      " [ 0.5462823   0.58452588 -0.59992093  1.89488421]\n",
      " [ 0.          0.          0.          1.        ]]\n",
      "Total ICP Transformation is:\n",
      "[[ 0.68967838 -0.72034102 -0.07384122  0.27077928]\n",
      " [-0.47530977 -0.37341435 -0.79664441  0.3167771 ]\n",
      " [ 0.5462823   0.58452588 -0.59992093  1.89488421]\n",
      " [ 0.          0.          0.          1.        ]]\n",
      "Inlier ratio: 0.185282406069\n",
      "initial: \n",
      "[[ 0.69 -0.72 -0.07  0.27]\n",
      " [-0.48 -0.37 -0.8   0.32]\n",
      " [ 0.55  0.58 -0.6   1.89]\n",
      " [ 0.    0.    0.    1.  ]]\n",
      "Apply point-to-point ICP\n",
      "registration::RegistrationResult with fitness=1.000000e+00, inlier_rmse=1.250730e-02, and correspondence_set size of 18380\n",
      "Access transformation to get result.\n",
      "Transformation is:\n",
      "[[ 0.7399544  -0.66885639 -0.0714045   0.27760614]\n",
      " [-0.44945592 -0.41265135 -0.79228039  0.30695681]\n",
      " [ 0.50045665  0.61834454 -0.60596464  1.9078928 ]\n",
      " [ 0.          0.          0.          1.        ]]\n",
      "Total ICP Transformation is:\n",
      "[[ 0.7399544  -0.66885639 -0.0714045   0.27760614]\n",
      " [-0.44945592 -0.41265135 -0.79228039  0.30695681]\n",
      " [ 0.50045665  0.61834454 -0.60596464  1.9078928 ]\n",
      " [ 0.          0.          0.          1.        ]]\n",
      "result: \n",
      "[[ 0.74 -0.67 -0.07  0.28]\n",
      " [-0.45 -0.41 -0.79  0.31]\n",
      " [ 0.5   0.62 -0.61  1.91]\n",
      " [ 0.    0.    0.    1.  ]]\n",
      "Inlier ratio: 0.142907911688\n",
      "Found 6DoF pose of chair_1\n",
      "\n",
      "'chair' is not in gscene. Use manual input for initial guess\n",
      "\n",
      "Apply point-to-point ICP\n",
      "registration::RegistrationResult with fitness=1.000000e+00, inlier_rmse=5.747843e-02, and correspondence_set size of 8671\n",
      "Access transformation to get result.\n",
      "Transformation is:\n",
      "[[ 0.89427656 -0.43633008 -0.0994258   0.42818712]\n",
      " [-0.35188773 -0.54834465 -0.75861265 -0.44275   ]\n",
      " [ 0.27648592  0.71339622 -0.64391096  3.00472888]\n",
      " [ 0.          0.          0.          1.        ]]\n",
      "Total ICP Transformation is:\n",
      "[[ 0.89427656 -0.43633008 -0.0994258   0.42818712]\n",
      " [-0.35188773 -0.54834465 -0.75861265 -0.44275   ]\n",
      " [ 0.27648592  0.71339622 -0.64391096  3.00472888]\n",
      " [ 0.          0.          0.          1.        ]]\n",
      "Inlier ratio: 0.143569523368\n",
      "initial: \n",
      "[[ 0.89 -0.44 -0.1   0.43]\n",
      " [-0.35 -0.55 -0.76 -0.44]\n",
      " [ 0.28  0.71 -0.64  3.  ]\n",
      " [ 0.    0.    0.    1.  ]]\n",
      "Apply point-to-point ICP\n",
      "registration::RegistrationResult with fitness=9.024520e-01, inlier_rmse=2.541650e-02, and correspondence_set size of 3386\n",
      "Access transformation to get result.\n",
      "Transformation is:\n",
      "[[ 0.77668853 -0.62503964 -0.07797671  0.40434358]\n",
      " [-0.4698612  -0.49246429 -0.7326045  -0.46796861]\n",
